4.71238898e-03 0.00000000e+00 0.00000000e+00 -1.43615840e+09
8.49456464e-02 0.00000000e+00 -1.09716317e+02 -1.03060532e+00
1.65178904e-01 0.00000000e+00 -1.09714282e+02 -1.00835799e-02
2.45412161e-01 0.00000000e+00 -1.09714284e+02 -1.69880187e-03
3.25645419e-01 0.00000000e+00 -1.09714287e+02 -8.83734060e-05
4.05878676e-01 -9.76481454e-09 -1.09714286e+02 -4.55231965e-05
4.86111934e-01 0.00000000e+00 -1.09714286e+02 -7.16838149e-06
5.66345191e-01 -5.29193010e-09 -1.09714286e+02 -2.11184303e-06
6.46578449e-01 -1.19493438e-09 -1.09714286e+02 0.00000000e+00
7.26811706e-01 0.00000000e+00 -1.09714286e+02 0.00000000e+00
8.07044963e-01 6.31996995e-10 -1.09714286e+02 1.24202266e-07
8.87278221e-01 2.14730494e-09 -1.09714286e+02 5.81879156e-08
9.67511478e-01 5.42881230e-09 -1.09714286e+02 2.91113512e-08
1.04774474e+00 1.29358376e-08 -1.09714286e+02 1.53910225e-08
1.12797799e+00 2.89526520e-08 -1.09714286e+02 8.52916191e-09
1.20821125e+00 6.13429934e-08 -1.09714286e+02 -2.46115164e-09
1.28844451e+00 1.23905063e-07 -1.09714286e+02 1.47148428e-09
1.36867777e+00 2.39654130e-07 -1.09714286e+02 0.00000000e+00
1.44891102e+00 4.46220063e-07 -1.09714286e+02 1.72611171e-09
1.52914428e+00 8.02963134e-07 -1.09714286e+02 4.29923812e-09
1.60937754e+00 1.40138265e-06 -1.09714286e+02 7.48074666e-09
1.68961080e+00 2.37904089e-06 -1.09714286e+02 1.46388589e-08
1.76984405e+00 3.93854823e-06 -1.09714285e+02 2.70493785e-08
1.85007731e+00 6.37258911e-06 -1.09714285e+02 4.69012961e-08
1.93031057e+00 1.00966170e-05 -1.09714285e+02 8.07634730e-08
2.01054383e+00 1.56909262e-05 -1.09714284e+02 1.36371652e-07
2.09077708e+00 2.39541255e-05 -1.09714283e+02 2.25450520e-07
2.17101034e+00 3.59703387e-05 -1.09714282e+02 3.65456720e-07
2.25124360e+00 5.31927122e-05 -1.09714280e+02 5.81805224e-07
2.33147685e+00 7.75461563e-05 -1.09714277e+02 9.10997677e-07
2.41171011e+00 1.11552595e-04 -1.09714273e+02 1.40405804e-06
2.49194337e+00 1.58482265e-04 -1.09714266e+02 2.13258218e-06
2.57217663e+00 2.22535019e-04 -1.09714258e+02 3.19479643e-06
2.65240988e+00 3.09055827e-04 -1.09714246e+02 4.72515705e-06
2.73264314e+00 4.24789065e-04 -1.09714229e+02 6.90392538e-06
2.81287640e+00 5.78176458e-04 -1.09714206e+02 9.97250703e-06
2.89310966e+00 7.79703808e-04 -1.09714175e+02 1.42497444e-05
2.97334291e+00 1.04230191e-03 -1.09714134e+02 2.01538053e-05
3.05357617e+00 1.38180733e-03 -1.09714079e+02 2.82283716e-05
3.13380943e+00 1.81748875e-03 -1.09714006e+02 3.91747501e-05
3.21404269e+00 2.37264493e-03 -1.09713911e+02 5.38909138e-05
3.29427594e+00 3.07528024e-03 -1.09713787e+02 7.35183714e-05
3.37450920e+00 3.95886377e-03 -1.09713627e+02 9.94985367e-05
3.45474246e+00 5.06317797e-03 -1.09713422e+02 1.33639605e-04
3.53497572e+00 6.43526276e-03 -1.09713162e+02 1.78195879e-04
3.61520897e+00 8.13046053e-03 -1.09712832e+02 2.35961232e-04
3.69544223e+00 1.02135674e-02 -1.09712416e+02 3.10378535e-04
3.77567549e+00 1.27600958e-02 -1.09711897e+02 4.05667255e-04
3.85590875e+00 1.58576521e-02 -1.09711250e+02 5.26971586e-04
3.93614200e+00 1.96074341e-02 -1.09710450e+02 6.80531467e-04
4.01637526e+00 2.41258503e-02 -1.09709463e+02 8.73879181e-04
4.09660852e+00 2.95462639e-02 -1.09708254e+02 1.11606453e-03
4.17684178e+00 3.60208622e-02 -1.09706778e+02 1.41791140e-03
4.25707503e+00 4.37226521e-02 -1.09704985e+02 1.79230912e-03
