4.261125e+07	4.167649e+04	
4.019320e+07	1.014232e+05	
3.677470e+07	1.847097e+05	
3.257391e+07	2.849013e+05	
2.785230e+07	3.941319e+05	
2.289066e+07	5.040753e+05	
1.796549e+07	6.067053e+05	
1.332709e+07	6.949922e+05	
9.181464e+06	7.634676e+05	
5.677496e+06	8.086058e+05	
2.900348e+06	8.289935e+05	
8.713440e+05	8.252819e+05	
-4.462050e+05	7.999424e+05	
-1.136335e+06	7.568648e+05	
-1.316482e+06	7.008555e+05	
-1.122025e+06	6.370961e+05	
-6.911262e+05	5.706243e+05	
-1.514018e+05	5.058915e+05	
3.903421e+05	4.464346e+05	
8.546245e+05	3.946859e+05	
1.191847e+06	3.519249e+05	
1.381188e+06	3.183577e+05	
1.426522e+06	2.932986e+05	
1.350300e+06	2.754183e+05	
1.186462e+06	2.630195e+05	
9.733913e+05	2.543040e+05	
7.477702e+05	2.476003e+05	
5.399468e+05	2.415313e+05	
3.711237e+05	2.351116e+05	
2.523891e+05	2.277751e+05	
1.853622e+05	2.193426e+05	
1.640455e+05	2.099452e+05	
1.773816e+05	1.999218e+05	
2.120061e+05	1.897118e+05	
2.547536e+05	1.797569e+05	
2.945942e+05	1.704257e+05	
3.238236e+05	1.619675e+05	
3.384777e+05	1.544951e+05	
3.380665e+05	1.479936e+05	
3.248121e+05	1.423486e+05	
3.026172e+05	1.373842e+05	
2.759890e+05	1.329034e+05	
2.491078e+05	1.287229e+05	
2.251663e+05	1.246979e+05	
2.060353e+05	1.207351e+05	
1.922442e+05	1.167931e+05	
1.832124e+05	1.128743e+05	
1.776344e+05	1.090100e+05	
1.739161e+05	1.052445e+05	
1.705676e+05	1.016197e+05	
1.664876e+05	9.816467e+04	
1.611052e+05	9.488977e+04	
1.543816e+05	9.178691e+04	
1.466990e+05	8.883343e+04	
1.386822e+05	8.599901e+04	
1.310028e+05	8.325307e+04	
1.242105e+05	8.057128e+04	
1.186226e+05	7.793983e+04	
1.142846e+05	7.535685e+04	
1.109989e+05	7.283125e+04	
1.084032e+05	7.037942e+04	
1.060738e+05	6.802093e+04	
1.036270e+05	6.577411e+04	
1.007971e+05	6.365250e+04	
9.747684e+04	6.166274e+04	
9.371676e+04	5.980407e+04	
8.968952e+04	5.806932e+04	
8.563200e+04	5.644690e+04	
8.178079e+04	5.492324e+04	
7.831632e+04	5.348511e+04	
7.532694e+04	5.212131e+04	
7.279839e+04	5.082341e+04	
7.062802e+04	4.958570e+04	
6.865744e+04	4.840434e+04	
6.671439e+04	4.727613e+04	
6.465330e+04	4.619726e+04	
6.238578e+04	4.516244e+04	
5.989527e+04	4.416455e+04	
5.723427e+04	4.319495e+04	
5.450660e+04	4.224441e+04	
5.184010e+04	4.130438e+04	
4.935657e+04	4.036838e+04	
4.714597e+04	3.943317e+04	
4.524983e+04	3.849948e+04	
4.365663e+04	3.757214e+04	
4.230897e+04	3.665954e+04	
4.111956e+04	3.577256e+04	
3.999196e+04	3.492306e+04	
3.884091e+04	3.412228e+04	
3.760806e+04	3.337924e+04	
3.627017e+04	3.269958e+04	
3.483892e+04	3.208476e+04	
3.335325e+04	3.153188e+04	
3.186679e+04	3.103402e+04	
3.043373e+04	3.058107e+04	
2.909633e+04	3.016090e+04	
2.787670e+04	2.976068e+04	
2.677419e+04	2.936824e+04	
2.576837e+04	2.897323e+04	
2.482619e+04	2.856806e+04	
2.391137e+04	2.814843e+04	
2.299350e+04	2.771345e+04	
2.205484e+04	2.726545e+04	
2.109344e+04	2.680932e+04	
2.012213e+04	2.635167e+04	
1.916414e+04	2.589976e+04	
1.824645e+04	2.546041e+04	
1.739283e+04	2.503901e+04	
1.661802e+04	2.463868e+04	
1.592441e+04	2.425977e+04	
1.530185e+04	2.389977e+04	
1.473028e+04	2.355353e+04	
1.418448e+04	2.321392e+04	
1.363970e+04	2.287280e+04	
1.307681e+04	2.252212e+04	
1.248583e+04	2.215510e+04	
1.186729e+04	2.176719e+04	
1.123105e+04	2.135687e+04	
1.059332e+04	2.092595e+04	
9.972367e+03	2.047943e+04	
9.384244e+03	2.002501e+04	
8.839288e+03	1.957209e+04	
8.340198e+03	1.913064e+04	
7.881978e+03	1.870995e+04	
7.453602e+03	1.831755e+04	
7.040908e+03	1.795831e+04	
6.629984e+03	1.763401e+04	
6.210262e+03	1.734331e+04	
5.776658e+03	1.708218e+04	
5.330368e+03	1.684459e+04	
4.878257e+03	1.662348e+04	
4.431082e+03	1.641176e+04	
4.001031e+03	1.620320e+04	
3.599173e+03	1.599304e+04	
3.233358e+03	1.577838e+04	
2.906979e+03	1.555812e+04	
2.618761e+03	1.533270e+04	
2.363508e+03	1.510363e+04	
2.133541e+03	1.487285e+04	
1.920423e+03	1.464227e+04	
1.716569e+03	1.441331e+04	
1.516402e+03	1.418676e+04	
1.316873e+03	1.396279e+04	
1.117321e+03	1.374115e+04	
9.188312e+02	1.352147e+04	
7.233342e+02	1.330365e+04	
5.327260e+02	1.308798e+04	
3.482522e+02	1.287533e+04	
1.702932e+02	1.266692e+04	
-1.438137e+00	1.246407e+04	
-1.673955e+02	1.226779e+04	
-3.275888e+02	1.207825e+04	
-4.810827e+02	1.189449e+04	
-6.257914e+02	1.171419e+04	
-7.586684e+02	1.153380e+04	
-8.762848e+02	1.134888e+04	
-9.756738e+02	1.115474e+04	
-1.055248e+03	1.094728e+04	
-1.115557e+03	1.072382e+04	
-1.159691e+03	1.048388e+04	
-1.193192e+03	1.022965e+04	
-1.223459e+03	9.966152e+03	
-1.258744e+03	9.700959e+03	
-1.306910e+03	9.443470e+03	
-1.374189e+03	9.203866e+03	
-1.464193e+03	8.991844e+03	
-1.577342e+03	8.815326e+03	
-1.710822e+03	8.679320e+03	
-1.859068e+03	8.585127e+03	
-2.014649e+03	8.529999e+03	
-2.169398e+03	8.507342e+03	
-2.315554e+03	8.507416e+03	
-2.446724e+03	8.518470e+03	
-2.558517e+03	8.528135e+03	
-2.648773e+03	8.524897e+03	
-2.717418e+03	8.499428e+03	
-2.766011e+03	8.445605e+03	
-2.797146e+03	8.361069e+03	
-2.813842e+03	8.247266e+03	
-2.819051e+03	8.108968e+03	
-2.815368e+03	7.953388e+03	
-2.804960e+03	7.788993e+03	
-2.789675e+03	7.624246e+03	
-2.771243e+03	7.466425e+03	
-2.751493e+03	7.320721e+03	
-2.732464e+03	7.189708e+03	
-2.716387e+03	7.073269e+03	
-2.705510e+03	6.968945e+03	
-2.701802e+03	6.872624e+03	
-2.706613e+03	6.779464e+03	
-2.720378e+03	6.684858e+03	
-2.742443e+03	6.585304e+03	
-2.771057e+03	6.479031e+03	
-2.803566e+03	6.366297e+03	
-2.836762e+03	6.249313e+03	
-2.867327e+03	6.131834e+03	
-2.892290e+03	6.018490e+03	
-2.909408e+03	5.913977e+03	
-2.917405e+03	5.822252e+03	
-2.916035e+03	5.745859e+03	
