-1.477627690580793796e+03 -1.027643229754591374e+02
-4.551520640418720518e+02 -6.162189075725768106e+01
-2.346375920872102938e+02 2.905191547062680790e+00
-1.595121419478994085e+02 1.779282314178443869e+01
-9.420789188390109814e+01 2.578633073825730548e+01
-6.077766178432634092e+01 1.720356552544504325e+01
-5.081581656141463554e+01 1.780991910104709142e+00
-4.660622503855478982e+01 8.140814860812412235e+00
-1.603785074857796644e+01 1.905194930781072671e+01
-6.811386134916687318e+00 2.465339811651284307e+01
-3.141913071309921435e+01 1.808454851638034455e+01
-2.747627944135409450e+01 5.223816540199941905e+00
4.522793242770141831e+00 8.834929837289877241e+00
6.096465962783598869e+00 1.498507379039782350e+01
-1.378104030709491745e+01 7.565504947856929618e+00
-6.450336489423730946e+00 7.655357447272750360e-01
1.068882699598812280e+01 -2.998479460015051057e+00
7.965594630042677871e+00 -9.563221036682893583e+00
-3.338343463350728485e-02 -7.034736314853049954e+00
-4.894649241211399548e+00 5.773182317464232050e+00
-7.393661520445722779e+00 1.768069295443072519e+01
-6.352796915345731321e+00 2.432160695336968459e+01
-5.290269579675960010e+00 1.187567921974950558e+01
-3.518582690826733472e+00 -6.659243713926343844e+00
-1.654814278973929076e+00 7.316026886805394591e-01
-1.894938227522190877e+00 8.523066263854493840e+00
-1.999934740225609797e+00 -7.548137969588328389e+00
-1.011540977123719820e+00 -1.346884078390891126e+01
7.361222746312960918e-01 -9.362224350336370904e+00
