4.905141664675849606e+05 1.470338905720570022e+00 -1.528457579916027154e-01
5.952933696205145679e+05 6.461486494774684175e+00 -2.301314621268841343e+00
6.645298315680174856e+05 1.597575232626999231e+01 -1.362251678884984862e+01
6.547556777224716498e+05 2.973171714552407252e+01 -4.751806748556705173e+01
6.256559616930999327e+05 4.716312580702752655e+01 -1.228691088747709159e+02
6.070754352792610880e+05 6.754228461718096810e+01 -2.625789467995695077e+02
5.849917635621645022e+05 9.001473570869507057e+01 -4.917938937904162344e+02
5.565289535080799833e+05 1.136342302461402767e+02 -8.359040388686269125e+02
5.267170723780991975e+05 1.374002715793835421e+02 -1.318422114162907747e+03
4.951330772767484304e+05 1.602974115397701098e+02 -1.958884006862158685e+03
4.617115276479169843e+05 1.813346264246115709e+02 -2.770888924925556239e+03
4.273362053307872848e+05 1.995831490207339129e+02 -3.760417475761825244e+03
3.923355302475297940e+05 2.142110334074563696e+02 -4.924517207612228049e+03
3.572676891229158500e+05 2.245131376819412878e+02 -6.250455921293164465e+03
3.225847082651441451e+05 2.299365246069161799e+02 -7.715398932554529893e+03
2.886740509843511390e+05 2.300976942069714539e+02 -9.286642160376453830e+03
2.559475481908692163e+05 2.247944374041638298e+02 -1.092241797496958134e+04
2.247018011857164965e+05 2.140094219918124736e+02 -1.257321105093745246e+04
1.952346316553846118e+05 1.979069054918525126e+02 -1.418358223339331562e+04
1.677757966144259262e+05 1.768223756749800373e+02 -1.569432311054925049e+04
