1.588663e+00	
9.133834e-01	
1.981794e-01	
-1.038433e-01	
-5.880631e-02	
2.494095e-02	
2.071586e-02	
-6.734599e-03	
-6.876256e-03	
1.702477e-03	
1.706605e-03	
-3.832724e-04	
-7.000875e-05	
9.138382e-05	
-2.097502e-04	
-2.131919e-05	
1.049514e-04	
-1.699987e-05	
8.287614e-06	
3.672676e-05	
-4.536875e-05	
-3.153752e-05	
3.254699e-05	
1.190185e-05	
-1.012011e-05	
4.896281e-06	
-2.268375e-06	
-9.632706e-06	
4.284036e-06	
4.712090e-06	
-2.313167e-06	
2.029806e-06	
6.593169e-07	
-4.925543e-06	
1.237123e-08	
3.484472e-06	
-4.252657e-07	
-5.182981e-07	
7.951525e-07	
-1.287750e-06	
-7.574284e-07	
1.249447e-06	
1.713743e-07	
-2.928941e-07	
5.352119e-07	
-4.472883e-07	
-7.905748e-07	
5.530266e-07	
4.500709e-07	
-2.788015e-07	
1.154762e-07	
1.372432e-08	
-4.225409e-07	
9.039366e-08	
3.027583e-07	
-9.842842e-08	
3.188566e-08	
9.253363e-08	
-2.590670e-07	
-7.181624e-08	
2.361329e-07	
8.395848e-09	
-5.999421e-08	
7.216903e-08	
-8.674134e-08	
-1.014099e-07	
1.094927e-07	
4.614673e-08	
-4.397000e-08	
4.812376e-08	
-2.325276e-08	
-9.966825e-08	
4.465749e-08	
6.943556e-08	
-3.118846e-08	
6.842548e-09	
1.280117e-08	
-5.978181e-08	
-1.392509e-09	
5.199197e-08	
-8.785442e-09	
-3.871563e-09	
1.993611e-08	
-3.624015e-08	
-2.257300e-08	
3.921229e-08	
8.850991e-09	
-1.395531e-08	
1.326119e-08	
-1.128871e-08	
-2.479471e-08	
1.833582e-08	
1.486170e-08	
-1.013407e-08	
7.671490e-09	
-2.507888e-10	
-2.272757e-08	
5.018034e-09	
1.831078e-08	
-5.466824e-09	
-6.557557e-10	
5.159050e-09	
-1.363881e-08	
-3.990052e-09	
1.376296e-08	
-5.754559e-11	
-2.902114e-09	
5.826189e-09	
-7.543358e-09	
-8.448026e-09	
9.601844e-09	
4.537501e-09	
-4.414673e-09	
3.270495e-09	
-1.596597e-09	
-8.189035e-09	
3.919040e-09	
5.856055e-09	
-2.904098e-09	
1.392201e-09	
1.181782e-09	
-6.953051e-09	
-6.429313e-11	
6.336458e-09	
-9.536685e-10	
-9.640125e-10	
2.164764e-09	
-3.940936e-09	
-2.497416e-09	
4.569075e-09	
8.490676e-10	
-1.505039e-09	
2.006384e-09	
-1.825337e-09	
-3.637239e-09	
2.822689e-09	
2.351416e-09	
-1.627761e-09	
8.813789e-10	
1.283817e-11	
-3.208704e-09	
7.906322e-10	
2.633109e-09	
-8.900153e-10	
1.303417e-10	
8.426283e-10	
-2.500885e-09	
-6.682096e-10	
2.558521e-09	
1.978444e-11	
-6.577588e-10	
9.598129e-10	
-1.271420e-09	
-1.433633e-09	
1.712548e-09	
7.304868e-10	
-7.595602e-10	
7.450366e-10	
-4.092198e-10	
-1.720786e-09	
8.708676e-10	
1.277799e-09	
-6.392566e-10	
2.034003e-10	
2.421094e-10	
-1.391915e-09	
2.003881e-11	
1.288423e-09	
-2.405346e-10	
-1.230686e-10	
4.993497e-10	
-9.806921e-10	
-5.773899e-10	
1.129017e-09	
2.154437e-10	
-4.025676e-10	
4.378638e-10	
-4.138837e-10	
-8.249048e-10	
6.748013e-10	
5.196918e-10	
-3.826119e-10	
2.758752e-10	
-2.976265e-11	
-8.655647e-10	
2.347729e-10	
7.226125e-10	
-2.459312e-10	
9.187071e-13	
2.133451e-10	
-6.397320e-10	
-1.555160e-10	
6.641660e-10	
-1.858657e-11	
-1.444772e-10	
2.819230e-10	
-3.962391e-10	
-4.133207e-10	
5.205622e-10	
2.197350e-10	
-2.378597e-10	
1.983248e-10	
-1.157340e-10	
-4.813620e-10	
2.599597e-10	
3.524994e-10	
-1.889920e-10	
9.003091e-11	
6.275404e-11	
-4.517611e-10	
1.855532e-11	
4.198829e-10	
-7.947854e-11	
-5.299902e-11	
1.501494e-10	
-3.011438e-10	
-1.689832e-10	
3.518206e-10	
5.371453e-11	
-1.153724e-10	
1.546757e-10	
-1.550439e-10	
-2.801818e-10	
2.409043e-10	
1.804023e-10	
-1.367870e-10	
8.447760e-11	
-1.107256e-11	
-2.839091e-10	
8.554972e-11	
2.352493e-10	
-8.766006e-11	
1.561331e-11	
7.201760e-11	
-2.397876e-10	
-5.030719e-11	
2.475165e-10	
-8.060063e-12	
-5.859381e-11	
9.702007e-11	
-1.403722e-10	
-1.412126e-10	
1.872213e-10	
7.061884e-11	
-8.154167e-11	
8.166767e-11	
-5.229196e-11	
-1.857461e-10	
1.062184e-10	
1.373864e-10	
