1.430105e+01	
1.063201e+01	
6.141082e+00	
3.173848e+00	
2.053072e+00	
1.721387e+00	
1.407418e+00	
1.072865e+00	
8.540819e-01	
7.278054e-01	
6.271814e-01	
5.416962e-01	
4.744692e-01	
4.171558e-01	
3.666453e-01	
3.247325e-01	
2.898712e-01	
2.601327e-01	
2.350943e-01	
2.136656e-01	
1.946569e-01	
1.776227e-01	
1.622822e-01	
1.488950e-01	
1.380053e-01	
1.289118e-01	
1.200895e-01	
1.111834e-01	
1.031371e-01	
9.663834e-02	
9.140687e-02	
8.679688e-02	
8.250667e-02	
7.857865e-02	
7.498076e-02	
7.152517e-02	
6.813351e-02	
6.489525e-02	
6.190694e-02	
5.918834e-02	
5.666998e-02	
5.425600e-02	
5.196156e-02	
4.987972e-02	
4.799658e-02	
4.620814e-02	
4.449922e-02	
4.294044e-02	
4.153072e-02	
4.014154e-02	
3.861330e-02	
3.691859e-02	
3.525958e-02	
3.392550e-02	
3.297448e-02	
3.212357e-02	
3.104611e-02	
2.972722e-02	
2.842446e-02	
2.733164e-02	
2.642659e-02	
2.561976e-02	
2.487237e-02	
2.414766e-02	
2.340302e-02	
2.266934e-02	
2.202791e-02	
2.149212e-02	
2.099962e-02	
2.052020e-02	
2.008747e-02	
1.971750e-02	
1.936254e-02	
1.896518e-02	
1.852465e-02	
1.809216e-02	
1.770314e-02	
1.732155e-02	
1.687749e-02	
1.636957e-02	
1.588239e-02	
1.547628e-02	
1.512250e-02	
1.478683e-02	
1.449877e-02	
1.427359e-02	
1.404051e-02	
1.373354e-02	
1.340055e-02	
1.313387e-02	
1.292934e-02	
1.270546e-02	
1.243745e-02	
1.217533e-02	
1.193887e-02	
1.169423e-02	
1.143646e-02	
1.119596e-02	
1.095556e-02	
1.066475e-02	
1.035201e-02	
1.011575e-02	
9.974920e-03	
9.832727e-03	
9.623677e-03	
9.391793e-03	
9.182675e-03	
8.971067e-03	
8.753379e-03	
8.601485e-03	
8.547410e-03	
8.504830e-03	
8.383485e-03	
8.209807e-03	
8.065248e-03	
7.968374e-03	
7.884427e-03	
7.803386e-03	
7.746324e-03	
7.717392e-03	
7.689638e-03	
7.628298e-03	
7.513540e-03	
7.354178e-03	
7.183826e-03	
7.030934e-03	
6.896982e-03	
6.775900e-03	
6.676982e-03	
6.603439e-03	
6.526673e-03	
6.421080e-03	
6.315855e-03	
6.264851e-03	
6.261155e-03	
6.232752e-03	
6.139650e-03	
6.024230e-03	
5.936295e-03	
5.857218e-03	
5.744737e-03	
5.619075e-03	
5.547129e-03	
5.548841e-03	
5.567550e-03	
5.539660e-03	
5.458234e-03	
5.358336e-03	
5.268444e-03	
5.190193e-03	
5.110616e-03	
5.026419e-03	
4.958822e-03	
4.934265e-03	
4.945807e-03	
4.953629e-03	
4.930070e-03	
4.878389e-03	
4.802576e-03	
4.694368e-03	
4.562716e-03	
4.443150e-03	
4.361482e-03	
4.310601e-03	
4.271125e-03	
4.231968e-03	
4.183958e-03	
4.116331e-03	
4.030565e-03	
3.943155e-03	
3.868253e-03	
3.809082e-03	
3.766259e-03	
3.737285e-03	
3.705701e-03	
3.649498e-03	
3.566832e-03	
3.480649e-03	
3.414006e-03	
3.369844e-03	
3.336015e-03	
3.304570e-03	
3.284179e-03	
3.287238e-03	
3.300454e-03	
3.286334e-03	
3.231450e-03	
3.174380e-03	
3.161478e-03	
3.190733e-03	
3.221658e-03	
3.223752e-03	
3.194468e-03	
3.145380e-03	
3.089181e-03	
3.031309e-03	
2.968460e-03	
2.905121e-03	
2.864324e-03	
2.861728e-03	
2.876427e-03	
2.871836e-03	
2.840049e-03	
2.801174e-03	
2.765567e-03	
2.725879e-03	
2.684504e-03	
2.657822e-03	
2.648032e-03	
2.637823e-03	
2.618991e-03	
2.600192e-03	
2.581284e-03	
2.549429e-03	
2.507378e-03	
2.473795e-03	
2.447870e-03	
2.409208e-03	
2.362928e-03	
2.345426e-03	
2.368201e-03	
2.391616e-03	
2.374760e-03	
2.322740e-03	
2.266485e-03	
2.220068e-03	
2.176128e-03	
2.128065e-03	
2.082256e-03	
2.052219e-03	
2.043022e-03	
2.040514e-03	
2.023609e-03	
1.990061e-03	
1.958823e-03	
1.943365e-03	
1.935537e-03	
1.921654e-03	
1.905165e-03	
1.905697e-03	
1.934657e-03	
1.974349e-03	
1.991001e-03	
1.973084e-03	
1.941083e-03	
1.911157e-03	
1.875672e-03	
1.837497e-03	
1.829792e-03	
1.869217e-03	
