3.634648e+21	
2.640919e+21	
1.450057e+21	
7.022398e+20	
4.561728e+20	
3.994590e+20	
3.266744e+20	
2.438690e+20	
1.937917e+20	
1.668693e+20	
1.438533e+20	
1.238211e+20	
1.085151e+20	
9.544206e+19	
8.381928e+19	
7.427516e+19	
6.632980e+19	
5.949944e+19	
5.377789e+19	
4.888275e+19	
4.451589e+19	
4.062260e+19	
3.712823e+19	
3.406130e+19	
3.156532e+19	
2.948869e+19	
2.746903e+19	
2.543015e+19	
2.359278e+19	
2.210635e+19	
2.090808e+19	
1.985458e+19	
1.887291e+19	
1.797313e+19	
1.715127e+19	
1.636162e+19	
1.558492e+19	
1.484417e+19	
1.416091e+19	
1.353858e+19	
1.296265e+19	
1.241092e+19	
1.188584e+19	
1.140953e+19	
1.097897e+19	
1.056965e+19	
1.017867e+19	
9.822419e+18	
9.499932e+18	
9.182002e+18	
8.832519e+18	
8.444844e+18	
8.065259e+18	
7.760215e+18	
7.542725e+18	
7.347994e+18	
7.101563e+18	
6.799891e+18	
6.501815e+18	
6.251885e+18	
6.044931e+18	
5.860323e+18	
5.689347e+18	
5.523606e+18	
5.353240e+18	
5.185412e+18	
5.038739e+18	
4.916167e+18	
4.803491e+18	
4.693847e+18	
4.594849e+18	
4.510202e+18	
4.429041e+18	
4.338153e+18	
4.237362e+18	
4.138442e+18	
4.049459e+18	
3.962156e+18	
3.860594e+18	
3.744423e+18	
3.632970e+18	
3.540078e+18	
3.459159e+18	
3.382365e+18	
3.316477e+18	
3.264981e+18	
3.211661e+18	
3.141437e+18	
3.065275e+18	
3.004268e+18	
2.957481e+18	
2.906279e+18	
2.844973e+18	
2.785010e+18	
2.730926e+18	
2.674963e+18	
2.615997e+18	
2.560991e+18	
2.506005e+18	
2.439478e+18	
2.367942e+18	
2.313900e+18	
2.281682e+18	
2.249159e+18	
2.201344e+18	
2.148300e+18	
2.100465e+18	
2.052063e+18	
2.002266e+18	
1.967521e+18	
1.955156e+18	
1.945415e+18	
1.917656e+18	
1.877931e+18	
1.844862e+18	
1.822702e+18	
1.803502e+18	
1.784965e+18	
1.771911e+18	
1.765294e+18	
1.758945e+18	
1.744912e+18	
1.718664e+18	
1.682213e+18	
1.643244e+18	
1.608271e+18	
1.577632e+18	
1.549934e+18	
1.527307e+18	
1.510486e+18	
1.492926e+18	
1.468772e+18	
1.444703e+18	
1.433036e+18	
1.432190e+18	
1.425694e+18	
1.404398e+18	
1.377995e+18	
1.357882e+18	
1.339793e+18	
1.314063e+18	
1.285320e+18	
1.268863e+18	
1.269254e+18	
1.273534e+18	
1.267154e+18	
1.248528e+18	
1.225678e+18	
1.205116e+18	
1.187216e+18	
1.169014e+18	
1.149755e+18	
1.134292e+18	
1.128675e+18	
1.131315e+18	
1.133104e+18	
1.127715e+18	
1.115894e+18	
1.098552e+18	
1.073800e+18	
1.043686e+18	
1.016336e+18	
9.976550e+17	
9.860165e+17	
9.769867e+17	
9.680296e+17	
9.570480e+17	
9.415790e+17	
9.219605e+17	
9.019662e+17	
8.848330e+17	
8.712978e+17	
8.615023e+17	
8.548751e+17	
8.476504e+17	
8.347943e+17	
8.158853e+17	
7.961714e+17	
7.809273e+17	
7.708259e+17	
7.630877e+17	
7.558946e+17	
7.512306e+17	
7.519301e+17	
7.549530e+17	
7.517234e+17	
7.391692e+17	
7.261147e+17	
7.231635e+17	
7.298554e+17	
7.369291e+17	
7.374082e+17	
7.307099e+17	
7.194812e+17	
7.066262e+17	
6.933885e+17	
6.790122e+17	
6.645239e+17	
6.551920e+17	
6.545981e+17	
6.579603e+17	
6.569103e+17	
6.496391e+17	
6.407466e+17	
6.326020e+17	
6.235237e+17	
6.140594e+17	
6.079561e+17	
6.057167e+17	
6.033813e+17	
5.990739e+17	
5.947739e+17	
5.904486e+17	
5.831620e+17	
5.735433e+17	
5.658613e+17	
5.599313e+17	
5.510877e+17	
5.405015e+17	
5.364980e+17	
5.417076e+17	
5.470636e+17	
5.432080e+17	
5.313087e+17	
5.184409e+17	
5.078234e+17	
4.977724e+17	
4.867784e+17	
4.762997e+17	
4.694291e+17	
4.673255e+17	
4.667518e+17	
4.628848e+17	
4.552110e+17	
4.480655e+17	
4.445295e+17	
4.427391e+17	
4.395634e+17	
4.357917e+17	
4.359135e+17	
4.425378e+17	
4.516170e+17	
4.554261e+17	
4.513278e+17	
4.440077e+17	
4.371624e+17	
4.290454e+17	
4.203131e+17	
4.185509e+17	
4.275690e+17	
