1.029213e+12

4.348633e+11

2.160140e+09

-2.898081e+10

2.831440e+10

1.331894e+10

-4.521841e+08

4.531919e+09

3.925198e+09

2.006159e+09

1.721053e+09

1.092982e+09

8.957261e+08

6.560967e+08

3.827591e+08

2.360935e+08

4.039112e+07

-1.782687e+07

-6.220891e+07

-1.501695e+08

-2.010441e+08

-2.470168e+08

-2.573023e+08

-2.597730e+08

-2.788505e+08

-2.849818e+08

-2.768773e+08

-2.582149e+08

-2.537596e+08

-2.570134e+08

-2.410021e+08

-2.207314e+08

-2.079575e+08

-1.961199e+08

-1.777401e+08

-1.602103e+08

-1.529616e+08

-1.413497e+08

-1.206651e+08

-1.018487e+08

-8.725169e+07

-7.793346e+07

-7.329735e+07

-6.801260e+07

-5.693873e+07

-4.127572e+07

-2.901335e+07

-2.422597e+07

-2.336759e+07

-1.883281e+07

-8.885437e+06

-1.708375e+06

-1.232604e+05

3.115627e+06

1.043688e+07

1.354478e+07

9.621079e+06

9.751632e+06

1.716817e+07

2.129824e+07

4.348633e+11

1.832137e+11

1.997886e+08

-1.268406e+10

1.175190e+10

5.460435e+09

-3.246643e+08

1.825988e+09

1.591055e+09

7.960372e+08

6.903374e+08

4.342571e+08

3.583857e+08

2.633493e+08

1.528174e+08

9.502300e+07

1.538417e+07

-7.167916e+06

-2.447014e+07

-6.020277e+07

-8.032777e+07

-9.890991e+07

-1.029246e+08

-1.038072e+08

-1.115531e+08

-1.139323e+08

-1.107899e+08

-1.032844e+08

-1.014404e+08

-1.028059e+08

-9.637575e+07

-8.829459e+07

-8.317676e+07

-7.841901e+07

-7.109092e+07

-6.406707e+07

-6.118441e+07

-5.653589e+07

-4.824784e+07

-4.073664e+07

-3.489305e+07

-3.117195e+07

-2.931693e+07

-2.719592e+07

-2.277356e+07

-1.650594e+07

-1.160577e+07

-9.690780e+06

-9.342171e+06

-7.532927e+06

-3.552991e+06

-6.841834e+05

-5.041792e+04

1.247884e+06

4.173592e+06

5.417639e+06

3.847182e+06

3.899175e+06

6.867549e+06

8.517665e+06

2.160140e+09

1.997886e+08

-9.638503e+08

-6.572473e+08

-2.278795e+08

-1.990104e+08

-1.824340e+08

-1.111625e+08

-8.334274e+07

-6.588778e+07

-4.643222e+07

-3.512813e+07

-2.539109e+07

-1.745620e+07

-1.129414e+07

-5.931205e+06

-2.199816e+06

4.574236e+05

2.333998e+06

4.095207e+06

5.850145e+06

6.897677e+06

7.325919e+06

7.539825e+06

7.927313e+06

8.201667e+06

7.835678e+06

7.359066e+06

7.316115e+06

7.321890e+06

6.900563e+06

6.286214e+06

5.933505e+06

5.627050e+06

5.071040e+06

4.587804e+06

4.358415e+06

4.032697e+06

3.462674e+06

2.905699e+06

2.496279e+06

2.222385e+06

2.091076e+06

1.950165e+06

1.624895e+06

1.181906e+06

8.260512e+05

6.896990e+05

6.723868e+05

5.368426e+05

2.547675e+05

4.754213e+04

1.998992e+03

-8.655096e+04

-2.989368e+05

-3.862832e+05

-2.758167e+05

-2.798455e+05

-4.887657e+05

-6.090336e+05

-2.898081e+10

-1.268406e+10

-6.572473e+08

4.487161e+08

-9.742336e+08

-5.148240e+08

-9.904272e+07

-2.019333e+08

-1.669308e+08

-9.966303e+07

-7.928384e+07

-5.382447e+07

-4.201814e+07

-3.007379e+07

-1.822858e+07

-1.060615e+07

-2.544407e+06

8.067413e+05

3.269602e+06

6.944836e+06

9.523995e+06

1.152310e+07

1.208977e+07

1.229427e+07

1.309477e+07

1.344432e+07

1.298023e+07

1.213706e+07

1.197940e+07

1.207878e+07

1.134774e+07

1.037237e+07

9.778941e+06

9.241568e+06

8.357825e+06

7.543936e+06

7.189175e+06

6.646587e+06

5.686334e+06

4.789137e+06

4.107082e+06

3.663962e+06

3.446552e+06

3.204125e+06

2.677658e+06

1.943535e+06

1.363229e+06

1.138257e+06

1.102315e+06

8.852809e+05

4.185937e+05

7.959406e+04

4.861294e+03

-1.450642e+05

-4.914886e+05

-6.368153e+05

-4.532231e+05

-4.595493e+05

-8.066455e+05

-1.002352e+06

2.831440e+10

1.175190e+10

-2.278795e+08

-9.742336e+08

6.937100e+08

2.990766e+08

-6.628405e+07

8.887399e+07

8.081421e+07

3.439367e+07

3.249992e+07

1.896609e+07

1.655112e+07

1.246214e+07

6.940824e+06

4.588383e+06

4.333823e+05

-3.436181e+05

-9.802101e+05

-2.822771e+06

-3.670024e+06

-4.595349e+06

-4.744854e+06

-4.747822e+06

-5.145815e+06

-5.229278e+06

-5.119949e+06

-4.759558e+06

-4.652507e+06

-4.738280e+06

-4.432769e+06

-4.070000e+06

-3.831180e+06

-3.603809e+06

-3.274574e+06

-2.946602e+06

-2.819755e+06

-2.604170e+06

-2.217120e+06

-1.876431e+06

-1.605415e+06

-1.436126e+06

-1.350428e+06

-1.250138e+06

-1.048887e+06

-7.591676e+05

-5.350340e+05

-4.467644e+05

-4.288207e+05

-3.471034e+05

-1.633259e+05

-3.182975e+04

-2.721157e+03

5.809461e+04

1.919367e+05

2.495877e+05

1.768609e+05

1.791759e+05

3.166083e+05

3.919759e+05

1.331894e+10

5.460435e+09

-1.990104e+08

-5.148240e+08

2.990766e+08

1.191645e+08

-4.838712e+07

3.036415e+07

2.933134e+07

9.532242e+06

1.054284e+07

5.373381e+06

5.199861e+06

4.076454e+06

2.117907e+06

1.549003e+06

-1.275215e+04

-1.147181e+05

-2.274086e+05

-9.096466e+05

-1.131672e+06

-1.458470e+06

-1.486146e+06

-1.466769e+06

-1.613447e+06

-1.625474e+06

-1.610360e+06

-1.489738e+06

-1.444341e+06

-1.483493e+06

-1.382917e+06

-1.274555e+06

-1.198199e+06

-1.122658e+06

-1.024162e+06

-9.191928e+05

-8.827163e+05

-8.145002e+05

-6.905966e+05

-5.868923e+05

-5.011314e+05

-4.493226e+05

-4.223832e+05

-3.896192e+05

-3.279959e+05

-2.368324e+05

-1.675817e+05

-1.399410e+05

-1.333126e+05

-1.086273e+05

-5.090372e+04

-1.012489e+04

-1.065955e+03

1.850108e+04

5.986546e+04

7.808396e+04

5.512833e+04

5.580932e+04

9.917220e+04

1.223996e+05

-4.521841e+08

-3.246643e+08

-1.824340e+08

-9.904272e+07

-6.628405e+07

-4.838712e+07

-3.381344e+07

-2.460667e+07

-1.888775e+07

-1.401854e+07

-1.013497e+07

-7.493481e+06

-5.504410e+06

-3.817793e+06

-2.435355e+06

-1.308161e+06

-4.459010e+05

1.005701e+05

4.892155e+05

8.925278e+05

1.263784e+06

1.498383e+06

1.587204e+06

1.629350e+06

1.717855e+06

1.774377e+06

1.699038e+06

1.594177e+06

1.582417e+06

1.586209e+06

1.493915e+06

1.361901e+06

1.285163e+06

1.217873e+06

1.098367e+06

9.932065e+05

9.441807e+05

8.734687e+05

7.494169e+05

6.293658e+05

5.404815e+05

4.813918e+05

4.529227e+05

4.221141e+05

3.519340e+05

2.558711e+05

1.789695e+05

1.494293e+05

1.454700e+05

1.162916e+05

5.514482e+04

1.033242e+04

4.772691e+02

-1.881488e+04

-6.471446e+04

-8.367199e+04

-5.970222e+04

-6.056597e+04

-1.058954e+05

-1.318739e+05

4.531919e+09

1.825988e+09

-1.111625e+08

-2.019333e+08

8.887399e+07

3.036415e+07

-2.460667e+07

4.917629e+06

5.871485e+06

9.845302e+04

1.342050e+06

1.493910e+05

5.457804e+05

5.420966e+05

1.778818e+05

2.387272e+05

-1.068383e+05

-1.683289e+04

3.319557e+04

-1.116432e+05

-1.036629e+05

-1.635325e+05

-1.527677e+05

-1.363448e+05

-1.670723e+05

-1.582785e+05

-1.703191e+05

-1.524169e+05

-1.393165e+05

-1.520730e+05

-1.382616e+05

-1.308623e+05

-1.219087e+05

-1.110686e+05

-1.042310e+05

-9.184521e+04

-9.040793e+04

-8.290358e+04

-6.826612e+04

-5.974039e+04

-5.030266e+04

-4.583997e+04

-4.300138e+04

-3.867272e+04

-3.334090e+04

-2.367131e+04

-1.722828e+04

-1.439154e+04

-1.299372e+04

-1.110254e+04

-5.053588e+03

-1.151234e+03

-2.614104e+02

2.118662e+03

5.975152e+03

7.962701e+03

5.477402e+03

5.516069e+03

1.019908e+04

1.231769e+04

3.925198e+09

1.591055e+09

-8.334274e+07

-1.669308e+08

8.081421e+07

2.933134e+07

-1.888775e+07

5.871485e+06

6.308955e+06

1.021791e+06

1.830977e+06

6.293525e+05

8.370559e+05

7.211352e+05

3.156905e+05

2.926285e+05

-6.201285e+04

-2.119043e+04

-4.175272e+03

-1.556197e+05

-1.735804e+05

-2.407191e+05

-2.374052e+05

-2.261080e+05

-2.584336e+05

-2.546544e+05

-2.599662e+05

-2.375698e+05

-2.255244e+05

-2.367416e+05

-2.187012e+05

-2.035164e+05

-1.906911e+05

-1.768761e+05

-1.630102e+05

-1.453349e+05

-1.408222e+05

-1.296453e+05

-1.087719e+05

-9.341871e+04

-7.936529e+04

-7.157952e+04

-6.723665e+04

-6.145675e+04

-5.218259e+04

-3.744998e+04

-2.677144e+04

-2.235857e+04

-2.089252e+04

-1.731649e+04

-8.029888e+03

-1.680179e+03

-2.565764e+02

3.078711e+03

9.461683e+03

1.243724e+04

8.698809e+03

8.789786e+03

1.584500e+04

1.940257e+04

2.006159e+09

7.960372e+08

-6.588778e+07

-9.966303e+07

3.439367e+07

9.532242e+06

-1.401854e+07

9.845302e+04

1.021791e+06

-1.163766e+06

-2.678571e+05

-5.784134e+05

-2.281046e+05

-8.440507e+04

-1.296191e+05

-5.013423e+03

-8.664342e+04

1.071461e+03

5.714354e+04

2.654146e+04

6.213963e+04

5.534113e+04

6.785412e+04

7.889767e+04

7.265902e+04

8.149881e+04

6.957213e+04

6.861334e+04

7.351172e+04

6.808180e+04

6.636019e+04

5.832156e+04

5.574838e+04

5.484077e+04

4.762669e+04

4.415278e+04

4.057607e+04

3.786822e+04

3.378224e+04

2.728301e+04

2.388146e+04

2.080268e+04

1.963003e+04

1.892818e+04

1.528578e+04

1.137016e+04

7.649925e+03

6.384130e+03

6.673698e+03

5.012383e+03

2.472139e+03

3.709847e+02

-7.683370e+01

-6.654754e+02

-2.881026e+03

-3.617964e+03

-2.673664e+03

-2.730658e+03

-4.524081e+03

-5.806983e+03

1.721053e+09

6.903374e+08

-4.643222e+07

-7.928384e+07

3.249992e+07

1.054284e+07

-1.013497e+07

1.342050e+06

1.830977e+06

-2.678571e+05

2.917401e+05

-1.062228e+05

8.851407e+04

1.238579e+05

1.487390e+04

6.267423e+04

-5.052152e+04

-4.237704e+03

2.333846e+04

-2.319269e+04

-1.205518e+04

-2.980974e+04

-2.376288e+04

-1.657202e+04

-2.637949e+04

-2.178921e+04

-2.802956e+04

-2.347696e+04

-1.872966e+04

-2.351925e+04

-2.025518e+04

-2.030568e+04

-1.855806e+04

-1.588409e+04

-1.587655e+04

-1.343737e+04

-1.395668e+04

-1.263129e+04

-9.743759e+03

-9.103348e+03

-7.435496e+03

-7.018577e+03

-6.554749e+03

-5.572787e+03

-5.065572e+03

-3.465584e+03

-2.680418e+03

-2.240638e+03

-1.793030e+03

-1.706504e+03

-7.285608e+02

-2.145580e+02

-8.944266e+01

3.992241e+02

8.720205e+02

1.218059e+03

7.911267e+02

7.870741e+02

1.587975e+03

1.831083e+03

1.092982e+09

4.342571e+08

-3.512813e+07

-5.382447e+07

1.896609e+07

5.373381e+06

-7.493481e+06

1.493910e+05

6.293525e+05

-5.784134e+05

-1.062228e+05

-2.854335e+05

-1.026353e+05

-3.104120e+04

-6.101909e+04

2.368097e+03

-4.539169e+04

1.911014e+02

2.917696e+04

1.096058e+04

2.887769e+04

2.426603e+04

3.072634e+04

3.656916e+04

3.283103e+04

3.741915e+04

3.122525e+04

3.111214e+04

3.382235e+04

3.085406e+04

3.027708e+04

2.641876e+04

2.531800e+04

2.508640e+04

2.162787e+04

2.014787e+04

1.839332e+04

1.719584e+04

1.545649e+04

1.238891e+04

1.088488e+04

9.440363e+03

8.913401e+03

8.651634e+03

6.943745e+03

5.188055e+03

3.464006e+03

2.890549e+03

3.063476e+03

2.273474e+03

1.129903e+03

1.615485e+02

-4.365143e+01

-2.886946e+02

-1.315039e+03

-1.642049e+03

-1.221769e+03

-1.249406e+03

-2.048361e+03

-2.644995e+03

8.957261e+08

3.583857e+08

-2.539109e+07

-4.201814e+07

1.655112e+07

5.199861e+06

-5.504410e+06

5.457804e+05

8.370559e+05

-2.281046e+05

8.851407e+04

-1.026353e+05

1.156041e+04

4.063189e+04

-7.566172e+03

2.448702e+04

-2.918481e+04

-1.579388e+03

1.526505e+04

-6.490090e+03

1.662145e+03

-6.130695e+03

-2.414407e+03

1.605317e+03

-2.958040e+03

-2.055892e+02

-3.938014e+03

-2.221235e+03

1.833296e+02

-2.293475e+03

-1.170322e+03

-2.027793e+03

-1.598459e+03

-6.259893e+02

-1.374414e+03

-7.629458e+02

-1.342725e+03

-1.095901e+03

-3.692791e+02

-7.907052e+02

-4.794856e+02

-6.338123e+02

-5.708739e+02

-2.521426e+02

-4.291456e+02

-1.985515e+02

-2.727502e+02

-2.291100e+02

-2.033660e+01

-1.588558e+02

-3.321867e+01

-4.697370e+01

-4.369392e+01

8.998726e+01

4.787366e+01

1.091943e+02

3.719335e+01

2.963964e+01

1.624208e+02

1.257999e+02

6.560967e+08

2.633493e+08

-1.745620e+07

-3.007379e+07

1.246214e+07

4.076454e+06

-3.817793e+06

5.420966e+05

7.211352e+05

-8.440507e+04

1.238579e+05

-3.104120e+04

4.063189e+04

5.197421e+04

8.726043e+03

2.551596e+04

-1.868263e+04

-1.740487e+03

8.274496e+03

-9.955546e+03

-6.179995e+03

-1.323734e+04

-1.104579e+04

-8.359848e+03

-1.220663e+04

-1.052929e+04

-1.281148e+04

-1.094565e+04

-9.122684e+03

-1.095175e+04

-9.592506e+03

-9.445825e+03

-8.683734e+03

-7.580681e+03

-7.427615e+03

-6.366395e+03

-6.502578e+03

-5.908882e+03

-4.653148e+03

-4.258343e+03

-3.511368e+03

-3.278305e+03

-3.065858e+03

-2.653121e+03

-2.371726e+03

-1.641578e+03

-1.245868e+03

-1.041235e+03

-8.657702e+02

-7.961423e+02

-3.468061e+02

-9.470835e+01

-3.466747e+01

1.757062e+02

4.134753e+02

5.691030e+02

3.763644e+02

3.759064e+02

7.379298e+02

8.631766e+02

3.827591e+08

1.528174e+08

-1.129414e+07

-1.822858e+07

6.940824e+06

2.117907e+06

-2.435355e+06

1.778818e+05

3.156905e+05

-1.296191e+05

1.487390e+04

-6.101909e+04

-7.566172e+03

8.726043e+03

-8.780893e+03

7.516515e+03

-1.351885e+04

-4.479729e+02

7.653233e+03

-7.507841e+02

3.586562e+03

7.811805e+02

2.575500e+03

4.393669e+03

2.639727e+03

3.947612e+03

2.177046e+03

2.674125e+03

3.677651e+03

2.625050e+03

2.896367e+03

2.228713e+03

2.238132e+03

2.501756e+03

1.909272e+03

1.932085e+03

1.572164e+03

1.517090e+03

1.546275e+03

1.092660e+03

1.023846e+03

8.233267e+02

7.855424e+02

8.520356e+02

6.165762e+02

4.968890e+02

2.901900e+02

2.417012e+02

3.221483e+02

1.964333e+02

1.111901e+02

3.373798e+00

-1.763581e+01

-4.236748e+00

-1.266765e+02

-1.435203e+02

-1.198526e+02

-1.250537e+02

-1.712603e+02

-2.460374e+02

2.360935e+08

9.502300e+07

-5.931205e+06

-1.060615e+07

4.588383e+06

1.549003e+06

-1.308161e+06

2.387272e+05

2.926285e+05

-5.013423e+03

6.267423e+04

2.368097e+03

2.448702e+04

2.551596e+04

7.516515e+03

1.150679e+04

-5.896371e+03

-8.053238e+02

2.085940e+03

-5.177998e+03

-4.492893e+03

-7.446317e+03

-6.820433e+03

-5.933168e+03

-7.472082e+03

-6.972405e+03

-7.655084e+03

-6.797083e+03

-6.122174e+03

-6.784913e+03

-6.131217e+03

-5.840791e+03

-5.429258e+03

-4.912476e+03

-4.642293e+03

-4.072288e+03

-4.032803e+03

-3.692513e+03

-3.018721e+03

-2.660869e+03

-2.232875e+03

-2.042846e+03

-1.915375e+03

-1.711863e+03

-1.484524e+03

-1.049631e+03

-7.691889e+02

-6.425896e+02

-5.725347e+02

-4.950006e+02

-2.237101e+02

-5.257677e+01

-1.329170e+01

9.690417e+01

2.648577e+02

3.548187e+02

2.425200e+02

2.439118e+02

4.553964e+02

5.471110e+02

4.039112e+07

1.538417e+07

-2.199816e+06

-2.544407e+06

4.333823e+05

-1.275215e+04

-4.459010e+05

-1.068383e+05

-6.201285e+04

-8.664342e+04

-5.052152e+04

-4.539169e+04

-2.918481e+04

-1.868263e+04

-1.351885e+04

-5.896371e+03

-3.804617e+03

4.678039e+02

3.372974e+03

4.511533e+03

6.907091e+03

7.801858e+03

8.459432e+03

8.879348e+03

9.139275e+03

9.576260e+03

8.990757e+03

8.506336e+03

8.557794e+03

8.459836e+03

8.014929e+03

7.260715e+03

6.866668e+03

6.549638e+03

5.868213e+03

5.329325e+03

5.036737e+03

4.666518e+03

4.031074e+03

3.362344e+03

2.897028e+03

2.570416e+03

2.419621e+03

2.268419e+03

1.880806e+03

1.372851e+03

9.538416e+02

7.963373e+02

7.849311e+02

6.206703e+02

2.963320e+02

5.357473e+01

4.889875e-01

-9.734436e+01

-3.473313e+02

-4.468172e+02

-3.207633e+02

-3.257910e+02

-5.643340e+02

-7.064344e+02

-1.782687e+07

-7.167916e+06

4.574236e+05

8.067413e+05

-3.436181e+05

-1.147181e+05

1.005701e+05

-1.683289e+04

-2.119043e+04

1.071461e+03

-4.237704e+03

1.911014e+02

-1.579388e+03

-1.740487e+03

-4.479729e+02

-8.053238e+02

4.678039e+02

5.591671e+01

-1.818662e+02

3.473826e+02

2.772491e+02

4.889468e+02

4.372413e+02

3.680803e+02

4.800541e+02

4.394855e+02

4.948189e+02

4.351316e+02

3.846879e+02

4.346052e+02

3.897430e+02

3.743069e+02

3.469845e+02

3.112383e+02

2.967148e+02

2.588155e+02

2.582519e+02

2.360180e+02

1.912052e+02

1.700806e+02

1.421137e+02

1.306658e+02

1.224349e+02

1.085707e+02

9.484983e+01

6.671592e+01

4.931235e+01

4.120027e+01

3.609953e+01

3.167902e+01

1.418915e+01

3.464560e+00

9.813081e-01

-6.396827e+00

-1.682732e+01

-2.269218e+01

-1.538611e+01

-1.544867e+01

-2.919837e+01

-3.484901e+01

-6.220891e+07

-2.447014e+07

2.333998e+06

3.269602e+06

-9.802101e+05

-2.274086e+05

4.892155e+05

3.319557e+04

-4.175272e+03

5.714354e+04

2.333846e+04

2.917696e+04

1.526505e+04

8.274496e+03

7.653233e+03

2.085940e+03

3.372974e+03

-1.818662e+02

-2.512275e+03

-2.147829e+03

-3.810918e+03

-3.943748e+03

-4.466885e+03

-4.875145e+03

-4.810113e+03

-5.170502e+03

-4.685622e+03

-4.500959e+03

-4.637142e+03

-4.472552e+03

-4.282513e+03

-3.835924e+03

-3.642131e+03

-3.514470e+03

-3.112165e+03

-2.848235e+03

-2.663851e+03

-2.474722e+03

-2.163755e+03

-1.783051e+03

-1.545387e+03

-1.361769e+03

-1.283041e+03

-1.215618e+03

-9.979840e+02

-7.336239e+02

-5.036395e+02

-4.204124e+02

-4.236502e+02

-3.285604e+02

-1.587881e+02

-2.686175e+01

1.704360e+00

4.859840e+01

1.857131e+02

2.367616e+02

1.718238e+02

1.748837e+02

2.979277e+02

3.764394e+02

-1.501695e+08

-6.020277e+07

4.095207e+06

6.944836e+06

-2.822771e+06

-9.096466e+05

8.925278e+05

-1.116432e+05

-1.556197e+05

2.654146e+04

-2.319269e+04

1.096058e+04

-6.490090e+03

-9.955546e+03

-7.507841e+02

-5.177998e+03

4.511533e+03

3.473826e+02

-2.147829e+03

1.824234e+03

7.682528e+02

2.265686e+03

1.717730e+03

1.080389e+03

1.916802e+03

1.503292e+03

2.065109e+03

1.691197e+03

1.279339e+03

1.696682e+03

1.432449e+03

1.466559e+03

1.331233e+03

1.112898e+03

1.139126e+03

9.498120e+02

1.006185e+03

9.063687e+02

6.821576e+02

6.532502e+02

5.276214e+02

5.045128e+02

4.704194e+02

3.916121e+02

3.631146e+02

2.450263e+02

1.937721e+02

1.620193e+02

1.238278e+02

1.228375e+02

5.120669e+01

1.640922e+01

7.702180e+00

-3.062468e+01

-6.157968e+01

-8.752844e+01

-5.564421e+01

-5.509604e+01

-1.148272e+02

-1.302092e+02

-2.010441e+08

-8.032777e+07

5.850145e+06

9.523995e+06

-3.670024e+06

-1.131672e+06

1.263784e+06

-1.036629e+05

-1.735804e+05

6.213963e+04

-1.205518e+04

2.887769e+04

1.662145e+03

-6.179995e+03

3.586562e+03

-4.492893e+03

6.907091e+03

2.772491e+02

-3.810918e+03

7.682528e+02

-1.352105e+03

2.184089e+02

-6.859212e+02

-1.622340e+03

-6.648376e+02

-1.327454e+03

-4.299339e+02

-7.347514e+02

-1.266288e+03

-7.123407e+02

-8.934180e+02

-5.984228e+02

-6.355452e+02

-8.021003e+02

-5.413061e+02

-5.973757e+02

-4.290642e+02

-4.298163e+02

-4.971515e+02

-3.094580e+02

-3.106202e+02

-2.301758e+02

-2.222867e+02

-2.700987e+02

-1.759699e+02

-1.534469e+02

-7.722882e+01

-6.417158e+01

-1.080468e+02

-5.431311e+01

-3.522290e+01

2.562417e+00

9.454610e+00

-5.666640e+00

3.933646e+01

4.022564e+01

3.785745e+01

4.022452e+01

4.546305e+01

7.380876e+01

-2.470168e+08

-9.890991e+07

6.897677e+06

1.152310e+07

-4.595349e+06

-1.458470e+06

1.498383e+06

-1.635325e+05

-2.407191e+05

5.534113e+04

-2.980974e+04

2.426603e+04

-6.130695e+03

-1.323734e+04

7.811805e+02

-7.446317e+03

7.801858e+03

4.889468e+02

-3.943748e+03

2.265686e+03

2.184089e+02

2.490905e+03

1.514593e+03

4.297033e+02

1.734284e+03

1.006226e+03

1.994200e+03

1.465105e+03

7.963477e+02

1.480743e+03

1.121919e+03

1.287505e+03

1.128155e+03

8.242256e+02

9.664628e+02

7.417236e+02

8.752173e+02

7.693741e+02

5.027996e+02

5.546563e+02

4.213467e+02

4.322413e+02

3.996659e+02

2.953669e+02

3.065737e+02

1.916349e+02

1.709217e+02

1.430898e+02

8.345337e+01

1.060005e+02

3.866345e+01

1.847093e+01

1.229320e+01

-3.486079e+01

-4.782227e+01

-7.486168e+01

-4.219744e+01

-4.057863e+01

-1.014189e+02

-1.052326e+02

-2.573023e+08

-1.029246e+08

7.325919e+06

1.208977e+07

-4.744854e+06

-1.486146e+06

1.587204e+06

-1.527677e+05

-2.374052e+05

6.785412e+04

-2.376288e+04

3.072634e+04

-2.414407e+03

-1.104579e+04

2.575500e+03

-6.820433e+03

8.459432e+03

4.372413e+02

-4.466885e+03

1.717730e+03

-6.859212e+02

1.514593e+03

4.321176e+02

-7.298525e+02

5.667879e+02

-2.334151e+02

8.514744e+02

3.754626e+02

-3.135239e+02

3.975331e+02

9.002152e+01

3.581674e+02

2.474526e+02

-2.088357e+01

2.138675e+02

5.550348e+01

2.301780e+02

1.709121e+02

-1.742589e+01

1.234554e+02

4.868169e+01

1.027661e+02

8.937431e+01

2.868933e+00

6.529726e+01

1.487368e+01

4.887034e+01

4.120021e+01

-1.813583e+01

2.647588e+01

4.549234e-01

1.179417e+01

1.247629e+01

-2.275538e+01

-3.088408e+00

-1.758324e+01

-8.457609e-01

1.467096e+00

-2.921396e+01

-1.440906e+01

-2.597730e+08

-1.038072e+08

7.539825e+06

1.229427e+07

-4.747822e+06

-1.466769e+06

1.629350e+06

-1.363448e+05

-2.261080e+05

7.889767e+04

-1.657202e+04

3.656916e+04

1.605317e+03

-8.359848e+03

4.393669e+03

-5.933168e+03

8.879348e+03

3.680803e+02

-4.875145e+03

1.080389e+03

-1.622340e+03

4.297033e+02

-7.298525e+02

-1.935460e+03

-6.897499e+02

-1.540217e+03

-3.881312e+02

-7.922496e+02

-1.480098e+03

-7.640818e+02

-1.007103e+03

-6.389986e+02

-6.945131e+02

-9.163109e+02

-5.911591e+02

-6.739501e+02

-4.613362e+02

-4.692707e+02

-5.684760e+02

-3.378162e+02

-3.480699e+02

-2.499623e+02

-2.425737e+02

-3.073755e+02

-1.926811e+02

-1.730428e+02

-8.214912e+01

-6.818924e+01

-1.252614e+02

-5.871607e+01

-4.007442e+01

4.327784e+00

1.226138e+01

-9.173365e+00

4.444643e+01

4.372846e+01

4.302925e+01

4.600221e+01

4.830639e+01

8.236812e+01

-2.788505e+08

-1.115531e+08

7.927313e+06

1.309477e+07

-5.145815e+06

-1.613447e+06

1.717855e+06

-1.670723e+05

-2.584336e+05

7.265902e+04

-2.637949e+04

3.283103e+04

-2.958040e+03

-1.220663e+04

2.639727e+03

-7.472082e+03

9.139275e+03

4.800541e+02

-4.810113e+03

1.916802e+03

-6.648376e+02

1.734284e+03

5.667879e+02

-6.897499e+02

7.208319e+02

-1.427890e+02

1.028161e+03

5.058271e+02

-2.415142e+02

5.292490e+02

1.902887e+02

4.726664e+02

3.479281e+02

5.297186e+01

2.999383e+02

1.218011e+02

3.080415e+02

2.394292e+02

2.763831e+01

1.728501e+02

8.630484e+01

1.412446e+02

1.249655e+02

2.931252e+01

9.260560e+01

3.200142e+01

6.406763e+01

5.392222e+01

-1.062230e+01

3.590930e+01

3.916205e+00

1.342201e+01

1.354940e+01

-2.582655e+01

-7.364002e+00

-2.424797e+01

-4.622641e+00

-2.169963e+00

-3.823102e+01

-2.380055e+01

-2.849818e+08

-1.139323e+08

8.201667e+06

1.344432e+07

-5.229278e+06

-1.625474e+06

1.774377e+06

-1.582785e+05

-2.546544e+05

8.149881e+04

-2.178921e+04

3.741915e+04

-2.055892e+02

-1.052929e+04

3.947612e+03

-6.972405e+03

9.576260e+03

4.394855e+02

-5.170502e+03

1.503292e+03

-1.327454e+03

1.006226e+03

-2.334151e+02

-1.540217e+03

-1.427890e+02

-1.055073e+03

1.811924e+02

-2.993387e+02

-1.057709e+03

-2.713004e+02

-5.707128e+02

-2.142597e+02

-3.025309e+02

-5.697446e+02

-2.559187e+02

-3.842465e+02

-1.686400e+02

-2.025917e+02

-3.556627e+02

-1.456343e+02

-1.886184e+02

-1.021529e+02

-1.042185e+02

-1.862707e+02

-8.557960e+01

-9.835294e+01

-2.615779e+01

-2.140105e+01

-8.539004e+01

-2.284834e+01

-2.424552e+01

8.434903e+00

1.361407e+01

-1.677688e+01

2.562165e+01

1.806449e+01

2.585775e+01

2.880891e+01

1.514758e+01

4.321631e+01

-2.768773e+08

-1.107899e+08

7.835678e+06

1.298023e+07

-5.119949e+06

-1.610360e+06

1.699038e+06

-1.703191e+05

-2.599662e+05

6.957213e+04

-2.802956e+04

3.122525e+04

-3.938014e+03

-1.281148e+04

2.177046e+03

-7.655084e+03

8.990757e+03

4.948189e+02

-4.685622e+03

2.065109e+03

-4.299339e+02

1.994200e+03

8.514744e+02

-3.881312e+02

1.028161e+03

1.811924e+02

1.329800e+03

7.922319e+02

4.825910e+01

8.140310e+02

4.607721e+02

7.170424e+02

5.792576e+02

2.742290e+02

4.976254e+02

3.016625e+02

4.776077e+02

3.966318e+02

1.638252e+02

2.861179e+02

1.840340e+02

2.278147e+02

2.064743e+02

1.059194e+02

1.559735e+02

7.833296e+01

9.616705e+01

8.072024e+01

1.593092e+01

5.680919e+01

1.392346e+01

1.520353e+01

1.353638e+01

-2.906041e+01

-1.908747e+01

-3.929717e+01

-1.545411e+01

-1.317671e+01

-5.722171e+01

-4.762559e+01

-2.582149e+08

-1.032844e+08

7.359066e+06

1.213706e+07

-4.759558e+06

-1.489738e+06

1.594177e+06

-1.524169e+05

-2.375698e+05

6.861334e+04

-2.347696e+04

3.111214e+04

-2.221235e+03

-1.094565e+04

2.674125e+03

-6.797083e+03

8.506336e+03

4.351316e+02

-4.500959e+03

1.691197e+03

-7.347514e+02

1.465105e+03

3.754626e+02

-7.922496e+02

5.058271e+02

-2.993387e+02

7.922319e+02

3.183472e+02

-3.726960e+02

3.407897e+02

3.555273e+01

3.095089e+02

2.012090e+02

-6.562819e+01

1.743539e+02

1.927505e+01

1.963786e+02

1.394922e+02

-4.497596e+01

1.008174e+02

2.903369e+01

8.548070e+01

7.308475e+01

-1.260302e+01

5.262482e+01

5.542549e+00

4.248257e+01

3.586822e+01

-2.353688e+01

2.230615e+01

-1.566038e+00

1.145779e+01

1.250384e+01

-2.214747e+01

-7.259613e-01

-1.457781e+01

1.340945e+00

3.693835e+00

-2.543542e+01

-9.624218e+00

-2.537596e+08

-1.014404e+08

7.316115e+06

1.197940e+07

-4.652507e+06

-1.444341e+06

1.582417e+06

-1.393165e+05

-2.255244e+05

7.351172e+04

-1.872966e+04

3.382235e+04

1.833296e+02

-9.122684e+03

3.677651e+03

-6.122174e+03

8.557794e+03

3.846879e+02

-4.637142e+03

1.279339e+03

-1.266288e+03

7.963477e+02

-3.135239e+02

-1.480098e+03

-2.415142e+02

-1.057709e+03

4.825910e+01

-3.726960e+02

-1.047278e+03

-3.471962e+02

-6.076933e+02

-2.814671e+02

-3.549685e+02

-5.884556e+02

-3.010235e+02

-4.083052e+02

-2.130339e+02

-2.385623e+02

-3.666214e+02

-1.715897e+02

-2.039522e+02

-1.230172e+02

-1.229616e+02

-1.939821e+02

-9.964014e+01

-1.046207e+02

-3.520835e+01

-2.900582e+01

-8.572748e+01

-2.808880e+01

-2.526265e+01

6.823872e+00

1.209220e+01

-1.368814e+01

2.712518e+01

2.165714e+01

2.700179e+01

2.968743e+01

2.053886e+01

4.726472e+01

-2.570134e+08

-1.028059e+08

7.321890e+06

1.207878e+07

-4.738280e+06

-1.483493e+06

1.586209e+06

-1.520730e+05

-2.367416e+05

6.808180e+04

-2.351925e+04

3.085406e+04

-2.293475e+03

-1.095175e+04

2.625050e+03

-6.784913e+03

8.459836e+03

4.346052e+02

-4.472552e+03

1.696682e+03

-7.123407e+02

1.480743e+03

3.975331e+02

-7.640818e+02

5.292490e+02

-2.713004e+02

8.140310e+02

3.407897e+02

-3.471962e+02

3.630076e+02

5.781345e+01

3.285058e+02

2.195606e+02

-4.703801e+01

1.900270e+02

3.409516e+01

2.096339e+02

1.519522e+02

-3.351503e+01

1.097938e+02

3.701169e+01

9.230748e+01

7.954214e+01

-6.207147e+00

5.766189e+01

9.357823e+00

4.497051e+01

3.794365e+01

-2.124290e+01

2.394756e+01

-7.308591e-01

1.155928e+01

1.245249e+01

-2.232628e+01

-1.694076e+00

-1.576570e+01

4.384029e-01

2.767315e+00

-2.690613e+01

-1.155891e+01

-2.410021e+08

-9.637575e+07

6.900563e+06

1.134774e+07

-4.432769e+06

-1.382917e+06

1.493915e+06

-1.382616e+05

-2.187012e+05

6.636019e+04

-2.025518e+04

3.027708e+04

-1.170322e+03

-9.592506e+03

2.896367e+03

-6.131217e+03

8.014929e+03

3.897430e+02

-4.282513e+03

1.432449e+03

-8.934180e+02

1.121919e+03

9.002152e+01

-1.007103e+03

1.902887e+02

-5.707128e+02

4.607721e+02

3.555273e+01

-6.076933e+02

5.781345e+01

-2.120150e+02

6.542629e+01

-2.308981e+01

-2.611712e+02

-1.750208e+01

-1.450270e+02

2.836846e+01

-1.313560e+01

-1.649984e+02

-9.176986e+00

-6.160682e+01

7.924397e-01

-6.107889e+00

-8.105140e+01

-8.633758e+00

-3.682344e+01

1.028720e+01

8.960522e+00

-4.585179e+01

1.737753e+00

-1.051344e+01

9.001350e+00

1.159557e+01

-1.758923e+01

9.944312e+00

1.235093e-01

1.105133e+01

1.338983e+01

-6.365744e+00

1.266007e+01

-2.207314e+08

-8.829459e+07

6.286214e+06

1.037237e+07

-4.070000e+06

-1.274555e+06

1.361901e+06

-1.308623e+05

-2.035164e+05

5.832156e+04

-2.030568e+04

2.641876e+04

-2.027793e+03

-9.445825e+03

2.228713e+03

-5.840791e+03

7.260715e+03

3.743069e+02

-3.835924e+03

1.466559e+03

-5.984228e+02

1.287505e+03

3.581674e+02

-6.389986e+02

4.726664e+02

-2.142597e+02

7.170424e+02

3.095089e+02

-2.814671e+02

3.285058e+02

6.542629e+01

2.965066e+02

2.021326e+02

-2.753651e+01

1.747962e+02

3.976936e+01

1.900067e+02

1.397222e+02

-2.086955e+01

1.009383e+02

3.749348e+01

8.435829e+01

7.309462e+01

-8.733845e-01

5.323714e+01

1.073855e+01

4.051116e+01

3.416446e+01

-1.670758e+01

2.179450e+01

-4.535903e-02

1.003638e+01

1.069941e+01

-1.937280e+01

-2.138262e+00

-1.442335e+01

-2.539312e-01

1.737050e+00

-2.422558e+01

-1.131950e+01

-2.079575e+08

-8.317676e+07

5.933505e+06

9.778941e+06

-3.831180e+06

-1.198199e+06

1.285163e+06

-1.219087e+05

-1.906911e+05

5.574838e+04

-1.855806e+04

2.531800e+04

-1.598459e+03

-8.683734e+03

2.238132e+03

-5.429258e+03

6.866668e+03

3.469845e+02

-3.642131e+03

1.331233e+03

-6.355452e+02

1.128155e+03

2.474526e+02

-6.945131e+02

3.479281e+02

-3.025309e+02

5.792576e+02

2.012090e+02

-3.549685e+02

2.195606e+02

-2.308981e+01

2.021326e+02

1.175619e+02

-9.502601e+01

1.023997e+02

-1.886388e+01

1.254775e+02

8.210800e+01

-6.217245e+01

5.940998e+01

4.671021e+00

5.218085e+01

4.318252e+01

-2.476598e+01

3.020016e+01

-4.395095e+00

2.802000e+01

2.371542e+01

-2.399395e+01

1.393951e+01

-3.170648e+00

8.870659e+00

1.005440e+01

-1.718672e+01

1.655948e+00

-8.844319e+00

3.147147e+00

5.072133e+00

-1.681987e+01

-3.185635e+00

-1.961199e+08

-7.841901e+07

5.627050e+06

9.241568e+06

-3.603809e+06

-1.122658e+06

1.217873e+06

-1.110686e+05

-1.768761e+05

5.484077e+04

-1.588409e+04

2.508640e+04

-6.259893e+02

-7.580681e+03

2.501756e+03

-4.912476e+03

6.549638e+03

3.112383e+02

-3.514470e+03

1.112898e+03

-8.021003e+02

8.242256e+02

-2.088357e+01

-9.163109e+02

5.297186e+01

-5.697446e+02

2.742290e+02

-6.562819e+01

-5.884556e+02

-4.703801e+01

-2.611712e+02

-2.753651e+01

-9.502601e+01

-2.848041e+02

-7.939783e+01

-1.769499e+02

-3.291868e+01

-6.250347e+01

-1.787430e+02

-4.480187e+01

-8.220099e+01

-2.791039e+01

-3.183769e+01

-9.100518e+01

-2.790297e+01

-4.514769e+01

-2.243625e+00

-1.571104e+00

-4.594688e+01

-5.483900e+00

-1.182778e+01

6.713115e+00

9.409091e+00

-1.319945e+01

1.193223e+01

5.063802e+00

1.253589e+01

1.449038e+01

1.100584e+00

1.812631e+01

-1.777401e+08

-7.109092e+07

5.071040e+06

8.357825e+06

-3.274574e+06

-1.024162e+06

1.098367e+06

-1.042310e+05

-1.630102e+05

4.762669e+04

-1.587655e+04

2.162787e+04

-1.374414e+03

-7.427615e+03

1.909272e+03

-4.642293e+03

5.868213e+03

2.967148e+02

-3.112165e+03

1.139126e+03

-5.413061e+02

9.664628e+02

2.138675e+02

-5.911591e+02

2.999383e+02

-2.559187e+02

4.976254e+02

1.743539e+02

-3.010235e+02

1.900270e+02

-1.750208e+01

1.747962e+02

1.023997e+02

-7.939783e+01

8.916158e+01

-1.463849e+01

1.086555e+02

7.148233e+01

-5.201827e+01

5.171773e+01

4.800001e+00

4.531792e+01

3.758458e+01

-2.053643e+01

2.633775e+01

-3.374063e+00

2.421591e+01

2.049267e+01

-2.029002e+01

1.208777e+01

-2.627513e+00

7.597114e+00

8.594117e+00

-1.471745e+01

1.318611e+00

-7.684203e+00

2.600616e+00

4.244594e+00

-1.453405e+01

-2.919812e+00

-1.602103e+08

-6.406707e+07

4.587804e+06

7.543936e+06

-2.946602e+06

-9.191928e+05

9.932065e+05

-9.184521e+04

-1.453349e+05

4.415278e+04

-1.343737e+04

2.014787e+04

-7.629458e+02

-6.366395e+03

1.932085e+03

-4.072288e+03

5.329325e+03

2.588155e+02

-2.848235e+03

9.498120e+02

-5.973757e+02

7.417236e+02

5.550348e+01

-6.739501e+02

1.218011e+02

-3.842465e+02

3.016625e+02

1.927505e+01

-4.083052e+02

3.409516e+01

-1.450270e+02

3.976936e+01

-1.886388e+01

-1.769499e+02

-1.463849e+01

-9.912602e+01

1.627662e+01

-1.112077e+01

-1.117358e+02

-7.821670e+00

-4.243253e+01

-7.896200e-01

-5.298918e+00

-5.503506e+01

-6.701883e+00

-2.517892e+01

6.349237e+00

5.548081e+00

-3.087882e+01

8.371999e-01

-7.139849e+00

5.955596e+00

7.707115e+00

-1.164138e+01

6.787675e+00

3.109147e-01

7.509885e+00

9.066814e+00

-3.942191e+00

8.776688e+00

-1.529616e+08

-6.118441e+07

4.358415e+06

7.189175e+06

-2.819755e+06

-8.827163e+05

9.441807e+05

-9.040793e+04

-1.408222e+05

4.057607e+04

-1.395668e+04

1.839332e+04

-1.342725e+03

-6.502578e+03

1.572164e+03

-4.032803e+03

5.036737e+03

2.582519e+02

-2.663851e+03

1.006185e+03

-4.290642e+02

8.752173e+02

2.301780e+02

-4.613362e+02

3.080415e+02

-1.686400e+02

4.776077e+02

1.963786e+02

-2.130339e+02

2.096339e+02

2.836846e+01

1.900067e+02

1.254775e+02

-3.291868e+01

1.086555e+02

1.627662e+01

1.209480e+02

8.690421e+01

-2.297649e+01

6.280017e+01

1.984271e+01

5.299130e+01

4.550901e+01

-5.400767e+00

3.289509e+01

4.534934e+00

2.604099e+01

2.197833e+01

-1.323098e+01

1.378242e+01

-6.579176e-01

6.837820e+00

7.409262e+00

-1.321159e+01

-7.466124e-01

-9.044802e+00

5.022849e-01

1.891846e+00

-1.558527e+01

-6.346227e+00

-1.413497e+08

-5.653589e+07

4.032697e+06

6.646587e+06

-2.604170e+06

-8.145002e+05

8.734687e+05

-8.290358e+04

-1.296453e+05

3.786822e+04

-1.263129e+04

1.719584e+04

-1.095901e+03

-5.908882e+03

1.517090e+03

-3.692513e+03

4.666518e+03

2.360180e+02

-2.474722e+03

9.063687e+02

-4.298163e+02

7.693741e+02

1.709121e+02

-4.692707e+02

2.394292e+02

-2.025917e+02

3.966318e+02

1.394922e+02

-2.385623e+02

1.519522e+02

-1.313560e+01

1.397222e+02

8.210800e+01

-6.250347e+01

7.148233e+01

-1.112077e+01

8.690421e+01

5.730485e+01

-4.097518e+01

4.145892e+01

4.100558e+00

3.629184e+01

3.012691e+01

-1.611052e+01

2.112982e+01

-2.549131e+00

1.935174e+01

1.637532e+01

-1.605957e+01

9.673869e+00

-2.060649e+00

6.047092e+00

6.834802e+00

-1.171405e+01

1.014716e+00

-6.154794e+00

2.036869e+00

3.343805e+00

-1.161385e+01

-2.391134e+00

-1.206651e+08

-4.824784e+07

3.462674e+06

5.686334e+06

-2.217120e+06

-6.905966e+05

7.494169e+05

-6.826612e+04

-1.087719e+05

3.378224e+04

-9.743759e+03

1.545649e+04

-3.692791e+02

-4.653148e+03

1.546275e+03

-3.018721e+03

4.031074e+03

1.912052e+02

-2.163755e+03

6.821576e+02

-4.971515e+02

5.027996e+02

-1.742589e+01

-5.684760e+02

2.763831e+01

-3.556627e+02

1.638252e+02

-4.497596e+01

-3.666214e+02

-3.351503e+01

-1.649984e+02

-2.086955e+01

-6.217245e+01

-1.787430e+02

-5.201827e+01

-1.117358e+02

-2.297649e+01

-4.097518e+01

-1.121360e+02

-2.938004e+01

-5.213424e+01

-1.856054e+01

-2.089479e+01

-5.720986e+01

-1.818267e+01

-2.851580e+01

-1.896511e+00

-1.397547e+00

-2.868916e+01

-3.709412e+00

-7.436278e+00

4.100575e+00

5.787744e+00

-8.066954e+00

7.528138e+00

3.356877e+00

7.885100e+00

9.090127e+00

9.825163e-01

1.153283e+01

-1.018487e+08

-4.073664e+07

2.905699e+06

4.789137e+06

-1.876431e+06

-5.868923e+05

6.293658e+05

-5.974039e+04

-9.341871e+04

2.728301e+04

-9.103348e+03

1.238891e+04

-7.907052e+02

-4.258343e+03

1.092660e+03

-2.660869e+03

3.362344e+03

1.700806e+02

-1.783051e+03

6.532502e+02

-3.094580e+02

5.546563e+02

1.234554e+02

-3.378162e+02

1.728501e+02

-1.456343e+02

2.861179e+02

1.008174e+02

-1.715897e+02

1.097938e+02

-9.176986e+00

1.009383e+02

5.940998e+01

-4.480187e+01

5.171773e+01

-7.821670e+00

6.280017e+01

4.145892e+01

-2.938004e+01

2.999420e+01

3.058751e+00

2.624259e+01

2.179501e+01

-1.152702e+01

1.529276e+01

-1.787469e+00

1.397825e+01

1.182792e+01

-1.154360e+01

6.992848e+00

-1.474164e+00

4.359184e+00

4.924866e+00

-8.444112e+00

7.186803e-01

-4.450917e+00

1.456152e+00

2.397690e+00

-8.388685e+00

-1.748321e+00

-8.725169e+07

-3.489305e+07

2.496279e+06

4.107082e+06

-1.605415e+06

-5.011314e+05

5.404815e+05

-5.030266e+04

-7.936529e+04

2.388146e+04

-7.435496e+03

1.088488e+04

-4.794856e+02

-3.511368e+03

1.023846e+03

-2.232875e+03

2.897028e+03

1.421137e+02

-1.545387e+03

5.276214e+02

-3.106202e+02

4.213467e+02

4.868169e+01

-3.480699e+02

8.630484e+01

-1.886184e+02

1.840340e+02

2.903369e+01

-2.039522e+02

3.701169e+01

-6.160682e+01

3.749348e+01

4.671021e+00

-8.220099e+01

4.800001e+00

-4.243253e+01

1.984271e+01

4.100558e+00

-5.213424e+01

3.058751e+00

-1.682297e+01

5.167591e+00

2.380905e+00

-2.506236e+01

4.425960e-01

-1.073654e+01

5.538678e+00

4.758898e+00

-1.512429e+01

1.808150e+00

-3.246957e+00

3.363409e+00

4.202646e+00

-6.558377e+00

2.943897e+00

-8.036171e-01

3.395476e+00

4.233296e+00

-3.378162e+00

3.246136e+00

-7.793346e+07

-3.117195e+07

2.222385e+06

3.663962e+06

-1.436126e+06

-4.493226e+05

4.813918e+05

-4.583997e+04

-7.157952e+04

2.080268e+04

-7.018577e+03

9.440363e+03

-6.338123e+02

-3.278305e+03

8.233267e+02

-2.042846e+03

2.570416e+03

1.306658e+02

-1.361769e+03

5.045128e+02

-2.301758e+02

4.322413e+02

1.027661e+02

-2.499623e+02

1.412446e+02

-1.021529e+02

2.278147e+02

8.548070e+01

-1.230172e+02

9.230748e+01

7.924397e-01

8.435829e+01

5.218085e+01

-2.791039e+01

4.531792e+01

-7.896200e-01

5.299130e+01

3.629184e+01

-1.856054e+01

2.624259e+01

5.167591e+00

2.259797e+01

1.904592e+01

-6.612084e+00

1.354237e+01

-2.930247e-02

1.163182e+01

9.831941e+00

-8.071836e+00

5.958979e+00

-8.395282e-01

3.389542e+00

3.770831e+00

-6.559555e+00

2.114017e-01

-3.843356e+00

8.019073e-01

1.517821e+00

-6.972644e+00

-2.027558e+00

-7.329735e+07

-2.931693e+07

2.091076e+06

3.446552e+06

-1.350428e+06

-4.223832e+05

4.529227e+05

-4.300138e+04

-6.723665e+04

1.963003e+04

-6.554749e+03

8.913401e+03

-5.708739e+02

-3.065858e+03

7.855424e+02

-1.915375e+03

2.419621e+03

1.224349e+02

-1.283041e+03

4.704194e+02

-2.222867e+02

3.996659e+02

8.937431e+01

-2.425737e+02

1.249655e+02

-1.042185e+02

2.064743e+02

7.308475e+01

-1.229616e+02

7.954214e+01

-6.107889e+00

7.309462e+01

4.318252e+01

-3.183769e+01

3.758458e+01

-5.298918e+00

4.550901e+01

3.012691e+01

-2.089479e+01

2.179501e+01

2.380905e+00

1.904592e+01

1.583567e+01

-8.155332e+00

1.112266e+01

-1.201347e+00

1.011917e+01

8.561825e+00

-8.259204e+00

5.071171e+00

-1.042581e+00

3.140596e+00

3.544423e+00

-6.083203e+00

4.957035e-01

-3.230986e+00

1.028104e+00

1.705411e+00

-6.072254e+00

-1.302036e+00

-6.801260e+07

-2.719592e+07

1.950165e+06

3.204125e+06

-1.250138e+06

-3.896192e+05

4.221141e+05

-3.867272e+04

-6.145675e+04

1.892818e+04

-5.572787e+03

8.651634e+03

-2.521426e+02

-2.653121e+03

8.520356e+02

-1.711863e+03

2.268419e+03

1.085707e+02

-1.215618e+03

3.916121e+02

-2.700987e+02

2.953669e+02

2.868933e+00

-3.073755e+02

2.931252e+01

-1.862707e+02

1.059194e+02

-1.260302e+01

-1.939821e+02

-6.207147e+00

-8.105140e+01

-8.733845e-01

-2.476598e+01

-9.100518e+01

-2.053643e+01

-5.503506e+01

-5.400767e+00

-1.611052e+01

-5.720986e+01

-1.152702e+01

-2.506236e+01

-6.612084e+00

-8.155332e+00

-2.886947e+01

-7.434185e+00

-1.402619e+01

3.620412e-01

4.070777e-01

-1.500661e+01

-1.160882e+00

-3.750307e+00

2.393769e+00

3.265890e+00

-4.697110e+00

3.725566e+00

1.222996e+00

3.966832e+00

4.639100e+00

-2.929217e-01

5.445706e+00

-5.693873e+07

-2.277356e+07

1.624895e+06

2.677658e+06

-1.048887e+06

-3.279959e+05

3.519340e+05

-3.334090e+04

-5.218259e+04

1.528578e+04

-5.065572e+03

6.943745e+03

-4.291456e+02

-2.371726e+03

6.165762e+02

-1.484524e+03

1.880806e+03

9.484983e+01

-9.979840e+02

3.631146e+02

-1.759699e+02

3.065737e+02

6.529726e+01

-1.926811e+02

9.260560e+01

-8.557960e+01

1.559735e+02

5.262482e+01

-9.964014e+01

5.766189e+01

-8.633758e+00

5.323714e+01

3.020016e+01

-2.790297e+01

2.633775e+01

-6.701883e+00

3.289509e+01

2.112982e+01

-1.818267e+01

1.529276e+01

4.425960e-01

1.354237e+01

1.112266e+01

-7.434185e+00

7.724314e+00

-1.599327e+00

7.395028e+00

6.262130e+00

-6.794721e+00

3.636732e+00

-9.534650e-01

2.412826e+00

2.752187e+00

-4.676663e+00

5.535433e-01

-2.292128e+00

9.540823e-01

1.482486e+00

-4.441471e+00

-6.681744e-01

-4.127572e+07

-1.650594e+07

1.181906e+06

1.943535e+06

-7.591676e+05

-2.368324e+05

2.558711e+05

-2.367131e+04

-3.744998e+04

1.137016e+04

-3.465584e+03

5.188055e+03

-1.985515e+02

-1.641578e+03

4.968890e+02

-1.049631e+03

1.372851e+03

6.671592e+01

-7.336239e+02

2.450263e+02

-1.534469e+02

1.916349e+02

1.487368e+01

-1.730428e+02

3.200142e+01

-9.835294e+01

7.833296e+01

5.542549e+00

-1.046207e+02

9.357823e+00

-3.682344e+01

1.073855e+01

-4.395095e+00

-4.514769e+01

-3.374063e+00

-2.517892e+01

4.534934e+00

-2.549131e+00

-2.851580e+01

-1.787469e+00

-1.073654e+01

-2.930247e-02

-1.201347e+00

-1.402619e+01

-1.599327e+00

-6.394380e+00

1.700513e+00

1.483424e+00

-7.902799e+00

2.577560e-01

-1.819517e+00

1.538099e+00

1.985784e+00

-3.006017e+00

1.725324e+00

4.983602e-02

1.913202e+00

2.314007e+00

-1.053945e+00

2.213467e+00

-2.901335e+07

-1.160577e+07

8.260512e+05

1.363229e+06

-5.350340e+05

-1.675817e+05

1.789695e+05

-1.722828e+04

-2.677144e+04

7.649925e+03

-2.680418e+03

3.464006e+03

-2.727502e+02

-1.245868e+03

2.901900e+02

-7.691889e+02

9.538416e+02

4.931235e+01

-5.036395e+02

1.937721e+02

-7.722882e+01

1.709217e+02

4.887034e+01

-8.214912e+01

6.406763e+01

-2.615779e+01

9.616705e+01

4.248257e+01

-3.520835e+01

4.497051e+01

1.028720e+01

4.051116e+01

2.802000e+01

-2.243625e+00

2.421591e+01

6.349237e+00

2.604099e+01

1.935174e+01

-1.896511e+00

1.397825e+01

5.538678e+00

1.163182e+01

1.011917e+01

3.620412e-01

7.395028e+00

1.700513e+00

5.526942e+00

4.659364e+00

-2.031707e+00

2.996028e+00

5.633202e-02

1.330849e+00

1.406865e+00

-2.567606e+00

-3.541565e-01

-1.990319e+00

-1.008188e-01

1.598991e-01

-3.303824e+00

-1.636801e+00

-2.422597e+07

-9.690780e+06

6.896990e+05

1.138257e+06

-4.467644e+05

-1.399410e+05

1.494293e+05

-1.439154e+04

-2.235857e+04

6.384130e+03

-2.240638e+03

2.890549e+03

-2.291100e+02

-1.041235e+03

2.417012e+02

-6.425896e+02

7.963373e+02

4.120027e+01

-4.204124e+02

1.620193e+02

-6.417158e+01

1.430898e+02

4.120021e+01

-6.818924e+01

5.392222e+01

-2.140105e+01

8.072024e+01

3.586822e+01

-2.900582e+01

3.794365e+01

8.960522e+00

3.416446e+01

2.371542e+01

-1.571104e+00

2.049267e+01

5.548081e+00

2.197833e+01

1.637532e+01

-1.397547e+00

1.182792e+01

4.758898e+00

9.831941e+00

8.561825e+00

4.070777e-01

6.262130e+00

1.483424e+00

4.659364e+00

3.927612e+00

-1.660347e+00

2.530519e+00

6.072469e-02

1.113810e+00

1.174836e+00

-2.148595e+00

-3.117804e-01

-1.682665e+00

-9.900196e-02

1.184805e-01

-2.784944e+00

-1.399446e+00

-2.336759e+07

-9.342171e+06

6.723868e+05

1.102315e+06

-4.288207e+05

-1.333126e+05

1.454700e+05

-1.299372e+04

-2.089252e+04

6.673698e+03

-1.793030e+03

3.063476e+03

-2.033660e+01

-8.657702e+02

3.221483e+02

-5.725347e+02

7.849311e+02

3.609953e+01

-4.236502e+02

1.238278e+02

-1.080468e+02

8.345337e+01

-1.813583e+01

-1.252614e+02

-1.062230e+01

-8.539004e+01

1.593092e+01

-2.353688e+01

-8.572748e+01

-2.124290e+01

-4.585179e+01

-1.670758e+01

-2.399395e+01

-4.594688e+01

-2.029002e+01

-3.087882e+01

-1.323098e+01

-1.605957e+01

-2.868916e+01

-1.154360e+01

-1.512429e+01

-8.071836e+00

-8.259204e+00

-1.500661e+01

-6.794721e+00

-7.902799e+00

-2.031707e+00

-1.660347e+00

-6.909677e+00

-1.799963e+00

-1.953175e+00

6.981573e-01

1.116598e+00

-1.387526e+00

2.059963e+00

1.428326e+00

2.082491e+00

2.323927e+00

1.175105e+00

3.460202e+00

-1.883281e+07

-7.532927e+06

5.368426e+05

8.852809e+05

-3.471034e+05

-1.086273e+05

1.162916e+05

-1.110254e+04

-1.731649e+04

5.012383e+03

-1.706504e+03

2.273474e+03

-1.588558e+02

-7.961423e+02

1.964333e+02

-4.950006e+02

6.206703e+02

3.167902e+01

-3.285604e+02

1.228375e+02

-5.431311e+01

1.060005e+02

2.647588e+01

-5.871607e+01

3.590930e+01

-2.284834e+01

5.680919e+01

2.230615e+01

-2.808880e+01

2.394756e+01

1.737753e+00

2.179450e+01

1.393951e+01

-5.483900e+00

1.208777e+01

8.371999e-01

1.378242e+01

9.673869e+00

-3.709412e+00

6.992848e+00

1.808150e+00

5.958979e+00

5.071171e+00

-1.160882e+00

3.636732e+00

2.577560e-01

2.996028e+00

2.530519e+00

-1.799963e+00

1.560333e+00

-1.457919e-01

8.297653e-01

9.117020e-01

-1.604567e+00

-1.589761e-02

-1.015337e+00

1.319839e-01

3.040879e-01

-1.794521e+00

-6.264470e-01

-8.885437e+06

-3.552991e+06

2.547675e+05

4.185937e+05

-1.633259e+05

-5.090372e+04

5.514482e+04

-5.053588e+03

-8.029888e+03

2.472139e+03

-7.285608e+02

1.129903e+03

-3.321867e+01

-3.468061e+02

1.111901e+02

-2.237101e+02

2.963320e+02

1.418915e+01

-1.587881e+02

5.120669e+01

-3.522290e+01

3.866345e+01

4.549234e-01

-4.007442e+01

3.916205e+00

-2.424552e+01

1.392346e+01

-1.566038e+00

-2.526265e+01

-7.308591e-01

-1.051344e+01

-4.535903e-02

-3.170648e+00

-1.182778e+01

-2.627513e+00

-7.139849e+00

-6.579176e-01

-2.060649e+00

-7.436278e+00

-1.474164e+00

-3.246957e+00

-8.395282e-01

-1.042581e+00

-3.750307e+00

-9.534650e-01

-1.819517e+00

5.633202e-02

6.072469e-02

-1.953175e+00

-1.457919e-01

-4.871703e-01

3.132522e-01

4.266919e-01

-6.145973e-01

4.834551e-01

1.555533e-01

5.152279e-01

6.030119e-01

-4.361352e-02

7.047905e-01

-1.708375e+06

-6.841834e+05

4.754213e+04

7.959406e+04

-3.182975e+04

-1.012489e+04

1.033242e+04

-1.151234e+03

-1.680179e+03

3.709847e+02

-2.145580e+02

1.615485e+02

-4.697370e+01

-9.470835e+01

3.373798e+00

-5.257677e+01

5.357473e+01

3.464560e+00

-2.686175e+01

1.640922e+01

2.562417e+00

1.847093e+01

1.179417e+01

4.327784e+00

1.342201e+01

8.434903e+00

1.520353e+01

1.145779e+01

6.823872e+00

1.155928e+01

9.001350e+00

1.003638e+01

8.870659e+00

6.713115e+00

7.597114e+00

5.955596e+00

6.837820e+00

6.047092e+00

4.100575e+00

4.359184e+00

3.363409e+00

3.389542e+00

3.140596e+00

2.393769e+00

2.412826e+00

1.538099e+00

1.330849e+00

1.113810e+00

6.981573e-01

8.297653e-01

3.132522e-01

1.363201e-01

8.539879e-02

-2.567104e-01

-3.845487e-01

-5.872968e-01

-3.414826e-01

-3.310084e-01

-7.894302e-01

-8.374296e-01

-1.232604e+05

-5.041792e+04

1.998992e+03

4.861294e+03

-2.721157e+03

-1.065955e+03

4.772691e+02

-2.614104e+02

-2.565764e+02

-7.683370e+01

-8.944266e+01

-4.365143e+01

-4.369392e+01

-3.466747e+01

-1.763581e+01

-1.329170e+01

4.889875e-01

9.813081e-01

1.704360e+00

7.702180e+00

9.454610e+00

1.229320e+01

1.247629e+01

1.226138e+01

1.354940e+01

1.361407e+01

1.353638e+01

1.250384e+01

1.209220e+01

1.245249e+01

1.159557e+01

1.069941e+01

1.005440e+01

9.409091e+00

8.594117e+00

7.707115e+00

7.409262e+00

6.834802e+00

5.787744e+00

4.924866e+00

4.202646e+00

3.770831e+00

3.544423e+00

3.265890e+00

2.752187e+00

1.985784e+00

1.406865e+00

1.174836e+00

1.116598e+00

9.117020e-01

4.266919e-01

8.539879e-02

9.498293e-03

-1.561025e-01

-5.019275e-01

-6.552884e-01

-4.621199e-01

-4.677235e-01

-8.325738e-01

-1.026596e+00

3.115627e+06

1.247884e+06

-8.655096e+04

-1.450642e+05

5.809461e+04

1.850108e+04

-1.881488e+04

2.118662e+03

3.078711e+03

-6.654754e+02

3.992241e+02

-2.886946e+02

8.998726e+01

1.757062e+02

-4.236748e+00

9.690417e+01

-9.734436e+01

-6.396827e+00

4.859840e+01

-3.062468e+01

-5.666640e+00

-3.486079e+01

-2.275538e+01

-9.173365e+00

-2.582655e+01

-1.677688e+01

-2.906041e+01

-2.214747e+01

-1.368814e+01

-2.232628e+01

-1.758923e+01

-1.937280e+01

-1.718672e+01

-1.319945e+01

-1.471745e+01

-1.164138e+01

-1.321159e+01

-1.171405e+01

-8.066954e+00

-8.444112e+00

-6.558377e+00

-6.559555e+00

-6.083203e+00

-4.697110e+00

-4.676663e+00

-3.006017e+00

-2.567606e+00

-2.148595e+00

-1.387526e+00

-1.604567e+00

-6.145973e-01

-2.567104e-01

-1.561025e-01

4.829173e-01

7.521352e-01

1.136763e+00

6.696607e-01

6.512401e-01

1.522838e+00

1.630799e+00

1.043688e+07

4.173592e+06

-2.989368e+05

-4.914886e+05

1.919367e+05

5.986546e+04

-6.471446e+04

5.975152e+03

9.461683e+03

-2.881026e+03

8.720205e+02

-1.315039e+03

4.787366e+01

4.134753e+02

-1.266765e+02

2.648577e+02

-3.473313e+02

-1.682732e+01

1.857131e+02

-6.157968e+01

3.933646e+01

-4.782227e+01

-3.088408e+00

4.444643e+01

-7.364002e+00

2.562165e+01

-1.908747e+01

-7.259613e-01

2.712518e+01

-1.694076e+00

9.944312e+00

-2.138262e+00

1.655948e+00

1.193223e+01

1.318611e+00

6.787675e+00

-7.466124e-01

1.014716e+00

7.528138e+00

7.186803e-01

2.943897e+00

2.114017e-01

4.957035e-01

3.725566e+00

5.535433e-01

1.725324e+00

-3.541565e-01

-3.117804e-01

2.059963e+00

-1.589761e-02

4.834551e-01

-3.845487e-01

-5.019275e-01

7.521352e-01

-4.636923e-01

-4.805807e-02

-5.090758e-01

-6.107902e-01

2.216293e-01

-6.155846e-01

1.354478e+07

5.417639e+06

-3.862832e+05

-6.368153e+05

2.495877e+05

7.808396e+04

-8.367199e+04

7.962701e+03

1.243724e+04

-3.617964e+03

1.218059e+03

-1.642049e+03

1.091943e+02

5.691030e+02

-1.435203e+02

3.548187e+02

-4.468172e+02

-2.269218e+01

2.367616e+02

-8.752844e+01

4.022564e+01

-7.486168e+01

-1.758324e+01

4.372846e+01

-2.424797e+01

1.806449e+01

-3.929717e+01

-1.457781e+01

2.165714e+01

-1.576570e+01

1.235093e-01

-1.442335e+01

-8.844319e+00

5.063802e+00

-7.684203e+00

3.109147e-01

-9.044802e+00

-6.154794e+00

3.356877e+00

-4.450917e+00

-8.036171e-01

-3.843356e+00

-3.230986e+00

1.222996e+00

-2.292128e+00

4.983602e-02

-1.990319e+00

-1.682665e+00

1.428326e+00

-1.015337e+00

1.555533e-01

-5.872968e-01

-6.552884e-01

1.136763e+00

-4.805807e-02

6.533452e-01

-1.498117e-01

-2.743888e-01

1.193330e+00

3.293300e-01

9.621079e+06

3.847182e+06

-2.758167e+05

-4.532231e+05

1.768609e+05

5.512833e+04

-5.970222e+04

5.477402e+03

8.698809e+03

-2.673664e+03

7.911267e+02

-1.221769e+03

3.719335e+01

3.763644e+02

-1.198526e+02

2.425200e+02

-3.207633e+02

-1.538611e+01

1.718238e+02

-5.564421e+01

3.785745e+01

-4.219744e+01

-8.457609e-01

4.302925e+01

-4.622641e+00

2.585775e+01

-1.545411e+01

1.340945e+00

2.700179e+01

4.384029e-01

1.105133e+01

-2.539312e-01

3.147147e+00

1.253589e+01

2.600616e+00

7.509885e+00

5.022849e-01

2.036869e+00

7.885100e+00

1.456152e+00

3.395476e+00

8.019073e-01

1.028104e+00

3.966832e+00

9.540823e-01

1.913202e+00

-1.008188e-01

-9.900196e-02

2.082491e+00

1.319839e-01

5.152279e-01

-3.414826e-01

-4.621199e-01

6.696607e-01

-5.090758e-01

-1.498117e-01

-5.445940e-01

-6.394526e-01

7.078732e-02

-7.337894e-01

9.751632e+06

3.899175e+06

-2.798455e+05

-4.595493e+05

1.791759e+05

5.580932e+04

-6.056597e+04

5.516069e+03

8.789786e+03

-2.730658e+03

7.870741e+02

-1.249406e+03

2.963964e+01

3.759064e+02

-1.250537e+02

2.439118e+02

-3.257910e+02

-1.544867e+01

1.748837e+02

-5.509604e+01

4.022452e+01

-4.057863e+01

1.467096e+00

4.600221e+01

-2.169963e+00

2.880891e+01

-1.317671e+01

3.693835e+00

2.968743e+01

2.767315e+00

1.338983e+01

1.737050e+00

5.072133e+00

1.449038e+01

4.244594e+00

9.066814e+00

1.891846e+00

3.343805e+00

9.090127e+00

2.397690e+00

4.233296e+00

1.517821e+00

1.705411e+00

4.639100e+00

1.482486e+00

2.314007e+00

1.598991e-01

1.184805e-01

2.323927e+00

3.040879e-01

6.030119e-01

-3.310084e-01

-4.677235e-01

6.512401e-01

-6.107902e-01

-2.743888e-01

-6.394526e-01

-7.368699e-01

-8.332643e-02

-9.369205e-01

1.716817e+07

6.867549e+06

-4.887657e+05

-8.066455e+05

3.166083e+05

9.917220e+04

-1.058954e+05

1.019908e+04

1.584500e+04

-4.524081e+03

1.587975e+03

-2.048361e+03

1.624208e+02

7.379298e+02

-1.712603e+02

4.553964e+02

-5.643340e+02

-2.919837e+01

2.979277e+02

-1.148272e+02

4.546305e+01

-1.014189e+02

-2.921396e+01

4.830639e+01

-3.823102e+01

1.514758e+01

-5.722171e+01

-2.543542e+01

2.053886e+01

-2.690613e+01

-6.365744e+00

-2.422558e+01

-1.681987e+01

1.100584e+00

-1.453405e+01

-3.942191e+00

-1.558527e+01

-1.161385e+01

9.825163e-01

-8.388685e+00

-3.378162e+00

-6.972644e+00

-6.072254e+00

-2.929217e-01

-4.441471e+00

-1.053945e+00

-3.303824e+00

-2.784944e+00

1.175105e+00

-1.794521e+00

-4.361352e-02

-7.894302e-01

-8.325738e-01

1.522838e+00

2.216293e-01

1.193330e+00

7.078732e-02

-8.332643e-02

1.974714e+00

9.931290e-01

2.129824e+07

8.517665e+06

-6.090336e+05

-1.002352e+06

3.919759e+05

1.223996e+05

-1.318739e+05

1.231769e+04

1.940257e+04

-5.806983e+03

1.831083e+03

-2.644995e+03

1.257999e+02

8.631766e+02

-2.460374e+02

5.471110e+02

-7.064344e+02

-3.484901e+01

3.764394e+02

-1.302092e+02

7.380876e+01

-1.052326e+02

-1.440906e+01

8.236812e+01

-2.380055e+01

4.321631e+01

-4.762559e+01

-9.624218e+00

4.726472e+01

-1.155891e+01

1.266007e+01

-1.131950e+01

-3.185635e+00

1.812631e+01

-2.919812e+00

8.776688e+00

-6.346227e+00

-2.391134e+00

1.153283e+01

-1.748321e+00

3.246136e+00

-2.027558e+00

-1.302036e+00

5.445706e+00

-6.681744e-01

2.213467e+00

-1.636801e+00

-1.399446e+00

3.460202e+00

-6.264470e-01

7.047905e-01

-8.374296e-01

-1.026596e+00

1.630799e+00

-6.155846e-01

3.293300e-01

-7.337894e-01

-9.369205e-01

9.931290e-01

-5.824678e-01

