1.219793e+12

1.088385e+12

8.209551e+11

5.255556e+11

2.630766e+11

7.272512e+10

-3.251375e+10

-6.361102e+10

-4.664122e+10

-1.108922e+10

1.999538e+10

3.508788e+10

3.380413e+10

2.271008e+10

9.985898e+09

1.373158e+09

-1.384598e+09

2.030780e+08

3.300206e+09

5.567996e+09

6.072216e+09

5.167546e+09

3.786428e+09

2.710596e+09

2.211265e+09

2.113609e+09

2.090560e+09

1.930981e+09

1.631513e+09

1.318828e+09

1.111272e+09

1.031491e+09

1.013279e+09

9.701423e+08

8.606833e+08

7.057405e+08

5.573598e+08

4.532230e+08

3.923359e+08

3.445368e+08

1.088385e+12

9.708415e+11

7.320668e+11

4.683940e+11

2.341483e+11

6.431344e+10

-2.953216e+10

-5.719491e+10

-4.196127e+10

-1.015806e+10

1.763782e+10

3.114159e+10

3.001580e+10

2.012733e+10

8.782431e+09

1.108194e+09

-1.339183e+09

9.157575e+07

2.867742e+09

4.901123e+09

5.358122e+09

4.556170e+09

3.328430e+09

2.373181e+09

1.932557e+09

1.850256e+09

1.834036e+09

1.695282e+09

1.431034e+09

1.154533e+09

9.716025e+08

9.025820e+08

8.884137e+08

8.518788e+08

7.560002e+08

6.193730e+08

4.884698e+08

3.969506e+08

3.439452e+08

3.025335e+08

8.209551e+11

7.320668e+11

5.518409e+11

3.528804e+11

1.761577e+11

4.806109e+10

-2.268194e+10

-4.348183e+10

-3.191957e+10

-7.867481e+09

1.314541e+10

2.336012e+10

2.252628e+10

1.507565e+10

6.524955e+09

7.446733e+08

-1.090998e+09

-7.849277e+05

2.103137e+09

3.644609e+09

3.994851e+09

3.394046e+09

2.471554e+09

1.754672e+09

1.426145e+09

1.367834e+09

1.358988e+09

1.257159e+09

1.060147e+09

8.535327e+08

7.173163e+08

6.669427e+08

6.578784e+08

6.318442e+08

5.609182e+08

4.591273e+08

3.615520e+08

2.936107e+08

2.546600e+08

2.243886e+08

5.255556e+11

4.683940e+11

3.528804e+11

2.254251e+11

1.122529e+11

3.025740e+10

-1.498119e+10

-2.822215e+10

-2.073893e+10

-5.269539e+09

8.235489e+09

1.480758e+10

1.429116e+10

9.530651e+09

4.064224e+09

3.732444e+08

-7.901611e+08

-7.974576e+07

1.278357e+09

2.273924e+09

2.504417e+09

2.124445e+09

1.537946e+09

1.083156e+09

8.771849e+08

8.441302e+08

8.423101e+08

7.803338e+08

6.568278e+08

5.267672e+08

4.415681e+08

4.112344e+08

4.072725e+08

3.923342e+08

3.485103e+08

2.847817e+08

2.236360e+08

1.813785e+08

1.576123e+08

1.393279e+08

2.630766e+11

2.341483e+11

1.761577e+11

1.122529e+11

5.555536e+10

1.452174e+10

-8.062838e+09

-1.459955e+10

-1.075417e+10

-2.922796e+09

3.902341e+09

7.232351e+09

6.995117e+09

4.623421e+09

1.896299e+09

6.023186e+07

-5.077606e+08

-1.368708e+08

5.566840e+08

1.065743e+09

1.188800e+09

1.004285e+09

7.156671e+08

4.930795e+08

3.952925e+08

3.839759e+08

3.877668e+08

3.606733e+08

3.020511e+08

2.396494e+08

1.994523e+08

1.866104e+08

1.868793e+08

1.815161e+08

1.615139e+08

1.313696e+08

1.023765e+08

8.273700e+07

7.227078e+07

6.445737e+07

7.272512e+10

6.431344e+10

4.806109e+10

3.025740e+10

1.452174e+10

3.192542e+09

-2.971183e+09

-4.657986e+09

-3.463918e+09

-1.183293e+09

7.889708e+08

1.762492e+09

1.724919e+09

1.084117e+09

3.423422e+08

-1.500524e+08

-2.881449e+08

-1.654982e+08

4.430906e+07

1.991358e+08

2.432654e+08

1.997472e+08

1.264986e+08

7.163674e+07

5.160357e+07

5.536118e+07

6.260039e+07

6.028533e+07

4.829459e+07

3.460267e+07

2.671788e+07

2.625186e+07

2.929167e+07

3.059318e+07

2.761120e+07

2.159055e+07

1.570158e+07

1.226507e+07

1.125521e+07

1.085865e+07

-3.251375e+10

-2.953216e+10

-2.268194e+10

-1.498119e+10

-8.062838e+09

-2.971183e+09

-6.603881e+07

9.139122e+08

6.262422e+08

-1.760040e+08

-8.971143e+08

-1.232849e+09

-1.163437e+09

-8.490872e+08

-4.947023e+08

-2.460676e+08

-1.487811e+08

-1.658226e+08

-2.256586e+08

-2.683873e+08

-2.691218e+08

-2.355975e+08

-1.905693e+08

-1.535113e+08

-1.314070e+08

-1.201516e+08

-1.117577e+08

-1.010021e+08

-8.772366e+07

-7.491770e+07

-6.533006e+07

-5.932838e+07

-5.511674e+07

-5.046861e+07

-4.435006e+07

-3.731437e+07

-3.068800e+07

-2.540842e+07

-2.141890e+07

-1.792907e+07

-6.361102e+10

-5.719491e+10

-4.348183e+10

-2.822215e+10

-1.459955e+10

-4.657986e+09

9.139122e+08

2.662191e+09

1.915228e+09

1.830765e+08

-1.347903e+09

-2.079183e+09

-1.982743e+09

-1.388581e+09

-7.122719e+08

-2.471519e+08

-8.341039e+07

-1.450217e+08

-2.874947e+08

-3.909079e+08

-4.065545e+08

-3.514906e+08

-2.725827e+08

-2.094549e+08

-1.760450e+08

-1.637012e+08

-1.559796e+08

-1.422087e+08

-1.221534e+08

-1.021000e+08

-8.787765e+07

-8.046963e+07

-7.639715e+07

-7.121584e+07

-6.282514e+07

-5.230993e+07

-4.233337e+07

-3.480442e+07

-2.964592e+07

-2.529634e+07

-4.664122e+10

-4.196127e+10

-3.191957e+10

-2.073893e+10

-1.075417e+10

-3.463918e+09

6.262422e+08

1.915228e+09

1.375279e+09

1.120592e+08

-1.005441e+09

-1.538504e+09

-1.466137e+09

-1.029605e+09

-5.330028e+08

-1.910686e+08

-6.989089e+07

-1.138771e+08

-2.172736e+08

-2.922655e+08

-3.031405e+08

-2.623237e+08

-2.040801e+08

-1.573991e+08

-1.324885e+08

-1.230308e+08

-1.170033e+08

-1.066004e+08

-9.164622e+07

-7.673229e+07

-6.611341e+07

-6.049943e+07

-5.733815e+07

-5.337457e+07

-4.707176e+07

-3.922510e+07

-3.178441e+07

-2.614625e+07

-2.225261e+07

-1.895919e+07

-1.108922e+10

-1.015806e+10

-7.867481e+09

-5.269539e+09

-2.922796e+09

-1.183293e+09

-1.760040e+08

1.830765e+08

1.120592e+08

-1.376309e+08

-3.658924e+08

-4.694464e+08

-4.399813e+08

-3.297016e+08

-2.063297e+08

-1.183932e+08

-8.129962e+07

-8.295217e+07

-9.962151e+07

-1.112788e+08

-1.094386e+08

-9.645617e+07

-7.974707e+07

-6.572873e+07

-5.674259e+07

-5.147999e+07

-4.733701e+07

-4.259870e+07

-3.719844e+07

-3.209503e+07

-2.815774e+07

-2.547312e+07

-2.342352e+07

-2.126255e+07

-1.864902e+07

-1.577126e+07

-1.307169e+07

-1.085901e+07

-9.108898e+06

-7.554035e+06

1.999538e+10

1.763782e+10

1.314541e+10

8.235489e+09

3.902341e+09

7.889708e+08

-8.971143e+08

-1.347903e+09

-1.005441e+09

-3.658924e+08

1.856110e+08

4.589987e+08

4.516947e+08

2.771123e+08

7.447392e+07

-5.926825e+07

-9.519137e+07

-5.929662e+07

3.423539e+05

4.443484e+07

5.766061e+07

4.650473e+07

2.707175e+07

1.270852e+07

7.956756e+06

9.733916e+06

1.239326e+07

1.231587e+07

9.474492e+06

6.094463e+06

4.275292e+06

4.480386e+06

5.636586e+06

6.295253e+06

5.750620e+06

4.345136e+06

2.955701e+06

2.226154e+06

2.152001e+06

2.233504e+06

3.508788e+10

3.114159e+10

2.336012e+10

1.480758e+10

7.232351e+09

1.762492e+09

-1.232849e+09

-2.079183e+09

-1.538504e+09

-4.694464e+08

4.589987e+08

9.143763e+08

8.886769e+08

5.754980e+08

2.143372e+08

-2.733054e+07

-9.907219e+07

-4.533700e+07

5.100153e+07

1.218889e+08

1.404467e+08

1.174258e+08

8.031810e+07

5.204549e+07

4.048792e+07

4.043934e+07

4.225835e+07

3.974250e+07

3.281787e+07

2.524992e+07

2.057327e+07

1.951471e+07

2.017967e+07

2.005496e+07

1.792757e+07

1.439763e+07

1.098166e+07

8.784955e+06

7.788567e+06

7.120534e+06

3.380413e+10

3.001580e+10

2.252628e+10

1.429116e+10

6.995117e+09

1.724919e+09

-1.163437e+09

-1.982743e+09

-1.466137e+09

-4.399813e+08

4.516947e+08

8.886769e+08

8.630007e+08

5.607943e+08

2.124507e+08

-2.087196e+07

-9.060847e+07

-3.949802e+07

5.272375e+07

1.205558e+08

1.381035e+08

1.156797e+08

7.971555e+07

5.225893e+07

4.089503e+07

4.062275e+07

4.217247e+07

3.957923e+07

3.276994e+07

2.536235e+07

2.075113e+07

1.963031e+07

2.017383e+07

1.996253e+07

1.782956e+07

1.435305e+07

1.099244e+07

8.810858e+06

7.789253e+06

7.087920e+06

2.271008e+10

2.012733e+10

1.507565e+10

9.530651e+09

4.623421e+09

1.084117e+09

-8.490872e+08

-1.388581e+09

-1.029605e+09

-3.297016e+08

2.771123e+08

5.754980e+08

5.607943e+08

3.591161e+08

1.261951e+08

-2.917543e+07

-7.430521e+07

-3.813980e+07

2.545958e+07

7.231199e+07

8.501995e+07

7.063605e+07

4.706909e+07

2.922970e+07

2.223149e+07

2.267451e+07

2.427843e+07

2.300663e+07

1.881518e+07

1.416213e+07

1.135761e+07

1.088497e+07

1.151968e+07

1.163079e+07

1.042940e+07

8.304034e+06

6.239579e+06

4.955093e+06

4.439969e+06

4.129097e+06

9.985898e+09

8.782431e+09

6.524955e+09

4.064224e+09

1.896299e+09

3.423422e+08

-4.947023e+08

-7.122719e+08

-5.330028e+08

-2.063297e+08

7.447392e+07

2.143372e+08

2.124507e+08

1.261951e+08

2.575705e+07

-4.008131e+07

-5.683177e+07

-3.764059e+07

-6.719396e+06

1.618757e+07

2.342847e+07

1.832801e+07

9.034044e+06

2.280332e+06

3.473534e+05

1.667869e+06

3.385276e+06

3.672003e+06

2.518017e+06

1.053750e+06

3.481683e+05

6.445140e+05

1.408399e+06

1.912408e+06

1.800593e+06

1.244086e+06

6.838640e+05

4.448161e+05

5.262118e+05

6.777959e+05

1.373158e+09

1.108194e+09

7.446733e+08

3.732444e+08

6.023186e+07

-1.500524e+08

-2.460676e+08

-2.471519e+08

-1.910686e+08

-1.183932e+08

-5.926825e+07

-2.733054e+07

-2.087196e+07

-2.917543e+07

-4.008131e+07

-4.549620e+07

-4.326059e+07

-3.579629e+07

-2.720764e+07

-2.067526e+07

-1.725422e+07

-1.615928e+07

-1.586928e+07

-1.519804e+07

-1.378506e+07

-1.195183e+07

-1.023066e+07

-8.950061e+06

-8.097790e+06

-7.445621e+06

-6.768556e+06

-5.988090e+06

-5.171761e+06

-4.434665e+06

-3.839025e+06

-3.360891e+06

-2.928014e+06

-2.482939e+06

-2.019995e+06

-1.576192e+06

-1.384598e+09

-1.339183e+09

-1.090998e+09

-7.901611e+08

-5.077606e+08

-2.881449e+08

-1.487811e+08

-8.341039e+07

-6.989089e+07

-8.129962e+07

-9.519137e+07

-9.907219e+07

-9.060847e+07

-7.430521e+07

-5.683177e+07

-4.326059e+07

-3.539632e+07

-3.216595e+07

-3.115859e+07

-3.020506e+07

-2.824789e+07

-2.534754e+07

-2.214447e+07

-1.925462e+07

-1.693694e+07

-1.510352e+07

-1.352857e+07

-1.205295e+07

-1.065864e+07

-9.413535e+06

-8.370601e+06

-7.508555e+06

-6.746047e+06

-6.000612e+06

-5.239106e+06

-4.484748e+06

-3.784507e+06

-3.167828e+06

-2.627561e+06

-2.132180e+06

2.030780e+08

9.157575e+07

-7.849277e+05

-7.974576e+07

-1.368708e+08

-1.654982e+08

-1.658226e+08

-1.450217e+08

-1.138771e+08

-8.295217e+07

-5.929662e+07

-4.533700e+07

-3.949802e+07

-3.813980e+07

-3.764059e+07

-3.579629e+07

-3.216595e+07

-2.755416e+07

-2.313132e+07

-1.970628e+07

-1.743717e+07

-1.596937e+07

-1.478659e+07

-1.352419e+07

-1.209480e+07

-1.062298e+07

-9.288868e+06

-8.197176e+06

-7.336194e+06

-6.619257e+06

-5.956382e+06

-5.303203e+06

-4.665388e+06

-4.070912e+06

-3.538629e+06

-3.064694e+06

-2.629982e+06

-2.216704e+06

-1.819828e+06

-1.446712e+06

3.300206e+09

2.867742e+09

2.103137e+09

1.278357e+09

5.566840e+08

4.430906e+07

-2.256586e+08

-2.874947e+08

-2.172736e+08

-9.962151e+07

3.423539e+05

5.100153e+07

5.272375e+07

2.545958e+07

-6.719396e+06

-2.720764e+07

-3.115859e+07

-2.313132e+07

-1.139805e+07

-2.646567e+06

5.933044e+05

-4.651179e+05

-2.989155e+06

-4.662518e+06

-4.715166e+06

-3.702055e+06

-2.615959e+06

-2.087823e+06

-2.116208e+06

-2.302108e+06

-2.265007e+06

-1.908784e+06

-1.407973e+06

-1.008235e+06

-8.318414e+05

-8.220909e+05

-8.291921e+05

-7.413114e+05

-5.566747e+05

-3.588949e+05

5.567996e+09

4.901123e+09

3.644609e+09

2.273924e+09

1.065743e+09

1.991358e+08

-2.683873e+08

-3.909079e+08

-2.922655e+08

-1.112788e+08

4.443484e+07

1.218889e+08

1.205558e+08

7.231199e+07

1.618757e+07

-2.067526e+07

-3.020506e+07

-1.970628e+07

-2.646567e+06

9.984464e+06

1.392038e+07

1.100125e+07

5.753442e+06

1.920702e+06

7.726369e+05

1.439811e+06

2.335259e+06

2.443186e+06

1.757427e+06

9.052490e+05

4.794281e+05

6.137063e+05

1.009868e+06

1.262946e+06

1.175027e+06

8.415113e+05

5.077976e+05

3.545040e+05

3.809815e+05

4.478002e+05

6.072216e+09

5.358122e+09

3.994851e+09

2.504417e+09

1.188800e+09

2.432654e+08

-2.691218e+08

-4.065545e+08

-3.031405e+08

-1.094386e+08

5.766061e+07

1.404467e+08

1.381035e+08

8.501995e+07

2.342847e+07

-1.725422e+07

-2.824789e+07

-1.743717e+07

5.933044e+05

1.392038e+07

1.789164e+07

1.447037e+07

8.539750e+06

4.148123e+06

2.673849e+06

3.182789e+06

3.962734e+06

3.916123e+06

3.034430e+06

1.992089e+06

1.425230e+06

1.473742e+06

1.811615e+06

1.999207e+06

1.822437e+06

1.385291e+06

9.538534e+05

7.234055e+05

6.924762e+05

7.093527e+05

5.167546e+09

4.556170e+09

3.394046e+09

2.124445e+09

1.004285e+09

1.997472e+08

-2.355975e+08

-3.514906e+08

-2.623237e+08

-9.645617e+07

4.650473e+07

1.174258e+08

1.156797e+08

7.063605e+07

1.832801e+07

-1.615928e+07

-2.534754e+07

-1.596937e+07

-4.651179e+05

1.100125e+07

1.447037e+07

1.162511e+07

6.635933e+06

2.957640e+06

1.764969e+06

2.259040e+06

2.977591e+06

2.983732e+06

2.270708e+06

1.415160e+06

9.613237e+05

1.029908e+06

1.343694e+06

1.527983e+06

1.400099e+06

1.048552e+06

7.002111e+05

5.217357e+05

5.120868e+05

5.420587e+05

3.786428e+09

3.328430e+09

2.471554e+09

1.537946e+09

7.156671e+08

1.264986e+08

-1.905693e+08

-2.725827e+08

-2.040801e+08

-7.974707e+07

2.707175e+07

8.031810e+07

7.971555e+07

4.706909e+07

9.034044e+06

-1.586928e+07

-2.214447e+07

-1.478659e+07

-2.989155e+06

5.753442e+06

8.539750e+06

6.635933e+06

3.138198e+06

6.042054e+05

-1.005491e+05

4.278924e+05

1.104028e+06

1.233588e+06

8.129971e+05

2.721108e+05

1.756739e+04

1.423551e+05

4.439457e+05

6.462670e+05

6.141285e+05

4.124265e+05

2.085646e+05

1.259479e+05

1.643963e+05

2.289752e+05

2.710596e+09

2.373181e+09

1.754672e+09

1.083156e+09

4.930795e+08

7.163674e+07

-1.535113e+08

-2.094549e+08

-1.573991e+08

-6.572873e+07

1.270852e+07

5.204549e+07

5.225893e+07

2.922970e+07

2.280332e+06

-1.519804e+07

-1.925462e+07

-1.352419e+07

-4.662518e+06

1.920702e+06

4.148123e+06

2.957640e+06

6.042054e+05

-1.056247e+06

-1.399634e+06

-8.628155e+05

-2.362601e+05

-2.438543e+04

-2.284448e+05

-5.337306e+05

-6.416550e+05

-4.813261e+05

-1.971577e+05

1.177178e+04

4.740918e+04

-4.374821e+04

-1.407465e+05

-1.540169e+05

-8.313437e+04

3.690819e+03

2.211265e+09

1.932557e+09

1.426145e+09

8.771849e+08

3.952925e+08

5.160357e+07

-1.314070e+08

-1.760450e+08

-1.324885e+08

-5.674259e+07

7.956756e+06

4.048792e+07

4.089503e+07

2.223149e+07

3.473534e+05

-1.378506e+07

-1.693694e+07

-1.209480e+07

-4.715166e+06

7.726369e+05

2.673849e+06

1.764969e+06

-1.005491e+05

-1.399634e+06

-1.621541e+06

-1.126332e+06

-5.636948e+05

-3.478050e+05

-4.792124e+05

-6.986589e+05

-7.598557e+05

-6.034074e+05

-3.469185e+05

-1.533171e+05

-1.030538e+05

-1.581823e+05

-2.196277e+05

-2.138777e+05

-1.403854e+05

-5.488590e+04

2.113609e+09

1.850256e+09

1.367834e+09

8.441302e+08

3.839759e+08

5.536118e+07

-1.201516e+08

-1.637012e+08

-1.230308e+08

-5.147999e+07

9.733916e+06

4.043934e+07

4.062275e+07

2.267451e+07

1.667869e+06

-1.195183e+07

-1.510352e+07

-1.062298e+07

-3.702055e+06

1.439811e+06

3.182789e+06

2.259040e+06

4.278924e+05

-8.628155e+05

-1.126332e+06

-7.035696e+05

-2.112553e+05

-4.290788e+04

-1.994701e+05

-4.353622e+05

-5.175610e+05

-3.906740e+05

-1.672940e+05

-2.691984e+03

2.664063e+04

-4.303843e+04

-1.173851e+05

-1.265250e+05

-7.011216e+04

-1.340682e+03

2.090560e+09

1.834036e+09

1.358988e+09

8.423101e+08

3.877668e+08

6.260039e+07

-1.117577e+08

-1.559796e+08

-1.170033e+08

-4.733701e+07

1.239326e+07

4.225835e+07

4.217247e+07

2.427843e+07

3.385276e+06

-1.023066e+07

-1.352857e+07

-9.288868e+06

-2.615959e+06

2.335259e+06

3.962734e+06

2.977591e+06

1.104028e+06

-2.362601e+05

-5.636948e+05

-2.112553e+05

2.166074e+05

3.337375e+05

1.386606e+05

-1.286172e+05

-2.407176e+05

-1.446448e+05

4.799993e+04

1.842381e+05

1.889409e+05

9.795400e+04

4.130683e+03

-2.392517e+04

1.389906e+04

6.509266e+04

1.930981e+09

1.695282e+09

1.257159e+09

7.803338e+08

3.606733e+08

6.028533e+07

-1.010021e+08

-1.422087e+08

-1.066004e+08

-4.259870e+07

1.231587e+07

3.974250e+07

3.957923e+07

2.300663e+07

3.672003e+06

-8.950061e+06

-1.205295e+07

-8.197176e+06

-2.087823e+06

2.443186e+06

3.916123e+06

2.983732e+06

1.233588e+06

-2.438543e+04

-3.478050e+05

-4.290788e+04

3.337375e+05

4.264164e+05

2.335969e+05

-2.394482e+04

-1.371616e+05

-5.766616e+04

1.113849e+05

2.288786e+05

2.255869e+05

1.346140e+05

4.158034e+04

9.693436e+03

3.898514e+04

8.098550e+04

1.631513e+09

1.431034e+09

1.060147e+09

6.568278e+08

3.020511e+08

4.829459e+07

-8.772366e+07

-1.221534e+08

-9.164622e+07

-3.719844e+07

9.474492e+06

3.281787e+07

3.276994e+07

1.881518e+07

2.518017e+06

-8.097790e+06

-1.065864e+07

-7.336194e+06

-2.116208e+06

1.757427e+06

3.034430e+06

2.270708e+06

8.129971e+05

-2.284448e+05

-4.792124e+05

-1.994701e+05

1.386606e+05

2.335969e+05

8.422693e+04

-1.219373e+05

-2.072237e+05

-1.301454e+05

2.221881e+04

1.304387e+05

1.358445e+05

6.641215e+04

-5.360898e+03

-2.589856e+04

4.903467e+03

4.605742e+04

1.318828e+09

1.154533e+09

8.535327e+08

5.267672e+08

2.396494e+08

3.460267e+07

-7.491770e+07

-1.021000e+08

-7.673229e+07

-3.209503e+07

6.094463e+06

2.524992e+07

2.536235e+07

1.416213e+07

1.053750e+06

-7.445621e+06

-9.413535e+06

-6.619257e+06

-2.302108e+06

9.052490e+05

1.992089e+06

1.415160e+06

2.721108e+05

-5.337306e+05

-6.986589e+05

-4.353622e+05

-1.286172e+05

-2.394482e+04

-1.219373e+05

-2.693822e+05

-3.209033e+05

-2.419510e+05

-1.027813e+05

-2.744457e+02

1.784543e+04

-2.579811e+04

-7.234071e+04

-7.818671e+04

-4.312195e+04

-3.371551e+02

1.111272e+09

9.716025e+08

7.173163e+08

4.415681e+08

1.994523e+08

2.671788e+07

-6.533006e+07

-8.787765e+07

-6.611341e+07

-2.815774e+07

4.275292e+06

2.057327e+07

2.075113e+07

1.135761e+07

3.481683e+05

-6.768556e+06

-8.370601e+06

-5.956382e+06

-2.265007e+06

4.794281e+05

1.425230e+06

9.613237e+05

1.756739e+04

-6.416550e+05

-7.598557e+05

-5.175610e+05

-2.407176e+05

-1.371616e+05

-2.072237e+05

-3.209033e+05

-3.547384e+05

-2.790591e+05

-1.529913e+05

-5.835445e+04

-3.552626e+04

-6.543848e+04

-9.834715e+04

-9.735956e+04

-6.222382e+04

-2.093927e+04

1.031491e+09

9.025820e+08

6.669427e+08

4.112344e+08

1.866104e+08

2.625186e+07

-5.932838e+07

-8.046963e+07

-6.049943e+07

-2.547312e+07

4.480386e+06

1.951471e+07

1.963031e+07

1.088497e+07

6.445140e+05

-5.988090e+06

-7.508555e+06

-5.303203e+06

-1.908784e+06

6.137063e+05

1.473742e+06

1.029908e+06

1.423551e+05

-4.813261e+05

-6.034074e+05

-3.906740e+05

-1.446448e+05

-5.766616e+04

-1.301454e+05

-2.419510e+05

-2.790591e+05

-2.142620e+05

-1.024844e+05

-1.956082e+04

-2.872440e+03

-3.472300e+04

-6.902526e+04

-7.162927e+04

-4.234373e+04

-7.138725e+03

1.013279e+09

8.884137e+08

6.578784e+08

4.072725e+08

1.868793e+08

2.929167e+07

-5.511674e+07

-7.639715e+07

-5.733815e+07

-2.342352e+07

5.636586e+06

2.017967e+07

2.017383e+07

1.151968e+07

1.408399e+06

-5.171761e+06

-6.746047e+06

-4.665388e+06

-1.407973e+06

1.009868e+06

1.811615e+06

1.343694e+06

4.439457e+05

-1.971577e+05

-3.469185e+05

-1.672940e+05

4.799993e+04

1.113849e+05

2.221881e+04

-1.027813e+05

-1.529913e+05

-1.024844e+05

-5.321234e+03

6.427034e+04

6.980517e+04

2.865965e+04

-1.409906e+04

-2.515108e+04

-4.411074e+03

2.265557e+04

9.701423e+08

8.518788e+08

6.318442e+08

3.923342e+08

1.815161e+08

3.059318e+07

-5.046861e+07

-7.121584e+07

-5.337457e+07

-2.126255e+07

6.295253e+06

2.005496e+07

1.996253e+07

1.163079e+07

1.912408e+06

-4.434665e+06

-6.000612e+06

-4.070912e+06

-1.008235e+06

1.262946e+06

1.999207e+06

1.527983e+06

6.462670e+05

1.177178e+04

-1.533171e+05

-2.691984e+03

1.842381e+05

2.288786e+05

1.304387e+05

-2.744457e+02

-5.835445e+04

-1.956082e+04

6.427034e+04

1.222660e+05

1.196659e+05

7.310131e+04

2.557067e+04

8.810193e+03

2.282697e+04

4.327328e+04

8.606833e+08

7.560002e+08

5.609182e+08

3.485103e+08

1.615139e+08

2.761120e+07

-4.435006e+07

-6.282514e+07

-4.707176e+07

-1.864902e+07

5.750620e+06

1.792757e+07

1.782956e+07

1.042940e+07

1.800593e+06

-3.839025e+06

-5.239106e+06

-3.538629e+06

-8.318414e+05

1.175027e+06

1.822437e+06

1.400099e+06

6.141285e+05

4.740918e+04

-1.030538e+05

2.664063e+04

1.889409e+05

2.255869e+05

1.358445e+05

1.784543e+04

-3.552626e+04

-2.872440e+03

6.980517e+04

1.196659e+05

1.159031e+05

7.327045e+04

2.988742e+04

1.387900e+04

2.523773e+04

4.236917e+04

7.057405e+08

6.193730e+08

4.591273e+08

2.847817e+08

1.313696e+08

2.159055e+07

-3.731437e+07

-5.230993e+07

-3.922510e+07

-1.577126e+07

4.345136e+06

1.439763e+07

1.435305e+07

8.304034e+06

1.244086e+06

-3.360891e+06

-4.484748e+06

-3.064694e+06

-8.220909e+05

8.415113e+05

1.385291e+06

1.048552e+06

4.124265e+05

-4.374821e+04

-1.581823e+05

-4.303843e+04

9.795400e+04

1.346140e+05

6.641215e+04

-2.579811e+04

-6.543848e+04

-3.472300e+04

2.865965e+04

7.310131e+04

7.327045e+04

4.126706e+04

8.410019e+03

-2.170734e+03

9.549419e+03

2.584970e+04

5.573598e+08

4.884698e+08

3.615520e+08

2.236360e+08

1.023765e+08

1.570158e+07

-3.068800e+07

-4.233337e+07

-3.178441e+07

-1.307169e+07

2.955701e+06

1.098166e+07

1.099244e+07

6.239579e+06

6.838640e+05

-2.928014e+06

-3.784507e+06

-2.629982e+06

-8.291921e+05

5.077976e+05

9.538534e+05

7.002111e+05

2.085646e+05

-1.407465e+05

-2.196277e+05

-1.173851e+05

4.130683e+03

4.158034e+04

-5.360898e+03

-7.234071e+04

-9.834715e+04

-6.902526e+04

-1.409906e+04

2.557067e+04

2.988742e+04

8.410019e+03

-1.404789e+04

-1.913192e+04

-6.783111e+03

8.985751e+03

4.532230e+08

3.969506e+08

2.936107e+08

1.813785e+08

8.273700e+07

1.226507e+07

-2.540842e+07

-3.480442e+07

-2.614625e+07

-1.085901e+07

2.226154e+06

8.784955e+06

8.810858e+06

4.955093e+06

4.448161e+05

-2.482939e+06

-3.167828e+06

-2.216704e+06

-7.413114e+05

3.545040e+05

7.234055e+05

5.217357e+05

1.259479e+05

-1.540169e+05

-2.138777e+05

-1.265250e+05

-2.392517e+04

9.693436e+03

-2.589856e+04

-7.818671e+04

-9.735956e+04

-7.162927e+04

-2.515108e+04

8.810193e+03

1.387900e+04

-2.170734e+03

-1.913192e+04

-2.204690e+04

-1.085299e+04

3.048520e+03

3.923359e+08

3.439452e+08

2.546600e+08

1.576123e+08

7.227078e+07

1.125521e+07

-2.141890e+07

-2.964592e+07

-2.225261e+07

-9.108898e+06

2.152001e+06

7.788567e+06

7.789253e+06

4.439969e+06

5.262118e+05

-2.019995e+06

-2.627561e+06

-1.819828e+06

-5.566747e+05

3.809815e+05

6.924762e+05

5.120868e+05

1.643963e+05

-8.313437e+04

-1.403854e+05

-7.011216e+04

1.389906e+04

3.898514e+04

4.903467e+03

-4.312195e+04

-6.222382e+04

-4.234373e+04

-4.411074e+03

2.282697e+04

2.523773e+04

9.549419e+03

-6.783111e+03

-1.085299e+04

-2.624653e+03

8.040710e+03

3.445368e+08

3.025335e+08

2.243886e+08

1.393279e+08

6.445737e+07

1.085865e+07

-1.792907e+07

-2.529634e+07

-1.895919e+07

-7.554035e+06

2.233504e+06

7.120534e+06

7.087920e+06

4.129097e+06

6.777959e+05

-1.576192e+06

-2.132180e+06

-1.446712e+06

-3.588949e+05

4.478002e+05

7.093527e+05

5.420587e+05

2.289752e+05

3.690819e+03

-5.488590e+04

-1.340682e+03

6.509266e+04

8.098550e+04

4.605742e+04

-3.371551e+02

-2.093927e+04

-7.138725e+03

2.265557e+04

4.327328e+04

4.236917e+04

2.584970e+04

8.985751e+03

3.048520e+03

8.040710e+03

1.531538e+04

