1.211678811740820493e+03 4.923133619389256665e+01 -1.748773833321621964e+02
4.776399548470665195e+02 -2.552398529844444042e+01 7.997756517046914837e+01
2.609507837576129532e+02 -1.576504648263778030e+01 4.814064234175089751e+01
1.313633615169670747e+02 -3.276080913311420062e+01 2.451191392178090922e+01
9.282472324466253610e+01 2.740342404806304089e+01 -2.614025481737025558e+01
5.453498269697254131e+01 -1.318941084259500940e+01 -4.526354583792117836e+01
4.354543488070557089e+01 1.591366517440691908e+01 -6.978036059055667817e-01
2.699072845320323921e+01 2.747204564106555935e+01 1.155710545375337972e+01
2.618726860438900772e+01 7.941720695964655796e+00 -1.211497340499538033e+01
1.217116927365065315e+01 -4.455431990937139375e+00 -2.832345543062825399e+01
2.135667967486769570e+01 1.075812060888109878e+00 -2.141527613332707691e+00
1.355685812176725769e+01 2.825101875994828404e+01 4.591215884827959393e-01
3.151183019997233714e+00 -3.230779107125302807e-01 2.602385012353552440e+01
-4.669702208946332256e+00 -6.728111615340783835e-01 3.016280100099947603e+01
9.324819391742687813e+00 6.663376819491636738e+00 1.204243712393218502e+01
6.114658737173736647e+00 1.438296237645304032e+01 1.065543226481621453e+01
-2.675530661591394299e+00 1.136304450515777731e+01 1.327203765547872294e+01
-3.829815273579972867e+00 -1.353050667786650152e+01 -1.153329857216301413e+01
-2.569685292105686969e+00 7.411036418304288276e+00 -8.072405534338275013e-01
-2.481397325297279632e+00 -2.828947832891079095e+00 2.875069432531124392e+01
6.352479638433833342e-01 1.033919918119725523e+01 8.632240790648936013e+00
6.247131595682745564e-01 -1.026167241993457502e+01 -1.089661888571475146e+01
5.706246887937177270e+00 -2.455353113989160008e+00 -1.045670955028576365e+01
1.482876215939286313e+00 4.716725963793129139e+00 9.549467144822584297e-01
-2.823474355769834077e+00 -7.099499964254307294e+00 3.693440450186321389e+00
3.585625849566406037e-02 -1.318033633668336702e+00 4.371528172940504220e+00
4.453420575574777440e-01 -9.221511911305910303e+00 -8.086453586684255512e+00
2.543570458695302516e+00 9.750746857890376873e+00 -2.263484589928302704e+00
-9.355852162448314857e-01 3.473586388958882498e+00 -1.278145651810405070e+01
