4.516975295117316418e+05 2.357463998187974419e-01 -2.344945961328304407e-01
4.780303270917001064e+05 1.042733444827321776e+00 -9.924147616901637936e-02
5.222568664049262879e+05 2.608912480766174102e+00 -3.449957809954487531e-01
5.736162342054233886e+05 4.942231918164656790e+00 -1.248898051088384475e+00
6.201623421812030720e+05 8.028398663134060698e+00 -3.285264990644606531e+00
6.530705995525397593e+05 1.184703143516306945e+01 -7.175231746411306233e+00
6.688469037473726785e+05 1.637267978133813529e+01 -1.378536980438159354e+01
6.693199700116884196e+05 2.157507111009386946e+01 -2.413701032244343736e+01
6.597805233576056780e+05 2.741941151457037407e+01 -3.939069694176616565e+01
6.463190758360568434e+05 3.386657403623755158e+01 -6.083005886575663368e+01
6.335534644329561852e+05 4.087332776877649110e+01 -8.984926294008455727e+01
6.235441371211161604e+05 4.839270641649741833e+01 -1.279334999786090918e+02
6.160176628602474229e+05 5.637422743718277474e+01 -1.766414832190465347e+02
6.094348033242756501e+05 6.476425063946680893e+01 -2.375850082723328285e+02
6.021985205844079610e+05 7.350633678021522144e+01 -3.124095390589333761e+02
5.934309280053006951e+05 8.254155635671311586e+01 -4.027731900179829267e+02
5.831204809073582292e+05 9.180894781442783881e+01 -5.103243137710604742e+02
5.717934177252005320e+05 1.012457864950436885e+02 -6.366799852794127901e+02
5.600437757161300397e+05 1.107881623766845962e+02 -7.834037887284957833e+02
5.482129609828146640e+05 1.203712789050638463e+02 -9.519838036332819229e+02
5.363283335590715287e+05 1.299295924480204860e+02 -1.143810092891652175e+03
5.242385702929333784e+05 1.393977585941600807e+02 -1.360155876421966923e+03
5.117934467831994407e+05 1.487107317632377601e+02 -1.602155318047605761e+03
4.989503817013515509e+05 1.578040640373081089e+02 -1.870783603420325335e+03
4.857718994692547130e+05 1.666146024334075548e+02 -2.166840603917408316e+03
4.723593262003068230e+05 1.750805885139376699e+02 -2.490934938980348761e+03
4.587881604675225099e+05 1.831421564385812530e+02 -2.843463057934376138e+03
4.450874671280165203e+05 1.907417314058352531e+02 -3.224603263365459043e+03
4.311652505025034188e+05 1.978243284841603895e+02 -3.634296785147496848e+03
4.173152055847650627e+05 2.043377518327476992e+02 -4.072245788234650263e+03
4.032832321606503683e+05 2.102330927534345335e+02 -4.537895442792367248e+03
3.892112907939584693e+05 2.154650285218542933e+02 -5.030438904716539582e+03
3.751446145650396356e+05 2.199918223874364287e+02 -5.548805362387513924e+03
3.611155802530944347e+05 2.237758216253225214e+02 -6.091665017189263381e+03
3.471441970339078689e+05 2.267834575363663703e+02 -6.657425099094044526e+03
3.332484247567657148e+05 2.289856438886667434e+02 -7.244237835493067905e+03
3.194520050031550345e+05 2.303575776968010018e+02 -7.850005431715650047e+03
3.057857162116803229e+05 2.308791376633581365e+02 -8.472386047652209527e+03
2.922810480897641974e+05 2.305350833997048881e+02 -9.108805751000259988e+03
2.789641709812306217e+05 2.293146569844532223e+02 -9.756472462718051247e+03
2.658546264660711749e+05 2.272119814049929403e+02 -1.041238292975140212e+04
2.529681329421460105e+05 2.242260605574917633e+02 -1.107336754970614675e+04
2.403219194288662402e+05 2.203602811949793647e+02 -1.173605550721401050e+04
2.279359647835114156e+05 2.156231102000296289e+02 -1.239694051678553114e+04
2.158312939116126799e+05 2.100272977016952041e+02 -1.305240672150970568e+04
2.040270346058690047e+05 2.035902755170401974e+02 -1.369871873201565904e+04
1.925375239080812898e+05 1.963334598784574894e+02 -1.433205150958761988e+04
1.135256000000000091e+261 1.882826498752020541e+02 -1.494855013239484651e+04
1.705438351182848564e+05 1.794677286222407702e+02 -1.554430987341498439e+04
1.600580952740523499e+05 1.699218663771870297e+02 -1.611545588874064742e+04
