2.096585395809297097e+03 5.832153074089138300e+01 -5.594188849087874615e+01
1.206347416916480142e+03 9.776471239357790921e+01 -6.328090261769727931e+01
7.996909824788954211e+02 9.886626377749091432e+01 -2.986597202003241591e+01
6.287352283198597434e+02 4.250985663786678970e+01 2.642540946142354485e+01
5.082877524441933019e+02 -4.071349294785640893e+01 6.670260893076196851e+01
3.950369850662850126e+02 -9.057656815318937049e+01 7.277318443761521394e+01
3.106127985587144167e+02 -7.511004402803344249e+01 6.081350362006492105e+01
2.594130951457269134e+02 -2.272407688057444730e+01 5.371631362059756043e+01
2.199777317639359353e+02 1.075089885609741103e+01 5.335894144870739098e+01
1.761330827733572164e+02 2.134298887822193791e+00 4.670430045982443801e+01
1.324400867233596273e+02 -2.148012249280543529e+01 2.845865660377721795e+01
1.031987979146492336e+02 -2.233122349018013608e+01 5.455958524185091640e+00
9.495120693011774904e+01 4.014416980254373435e+00 -1.714136314763389279e+01
9.886721084241510482e+01 2.941918956816101982e+01 -4.041740108372520268e+01
9.724152821169056438e+01 2.843415244950429255e+01 -6.023084264443865266e+01
7.914064549170582552e+01 3.344546118012279301e+00 -6.306217813821558593e+01
5.139431072928373112e+01 -2.272419641303431348e+01 -4.185429082275938839e+01
3.197836117913221088e+01 -2.873871119620947567e+01 -1.037401301013379218e+01
3.087622179503285125e+01 -1.087803158820528715e+01 7.799849611555060847e+00
3.990753790686198954e+01 1.804693110255508870e+01 4.512966948286909030e+00
4.354258096254051935e+01 3.967798324802043908e+01 -5.627218656060883006e+00
3.681232707458676146e+01 4.318675899706061472e+01 -4.608321975938893367e+00
2.827160582943466949e+01 3.165268346390845977e+01 8.079921137752473115e+00
2.639518814147950820e+01 1.693746069317583292e+01 1.724313507617312169e+01
2.865206500619630248e+01 8.234627020040386824e+00 1.068170948391051667e+01
2.663138772879296212e+01 5.783914753805598608e+00 -8.584196710612681969e+00
1.833761011275421282e+01 4.570949156257349877e+00 -2.730009819754552680e+01
1.081590579831170373e+01 1.323634725516982025e+00 -3.458790262634896351e+01
1.093912716094921578e+01 -3.245062239975689877e+00 -2.894833128666455480e+01
1.740731531717156244e+01 -6.629588977502298697e+00 -1.653302261521265493e+01
2.333169000569643003e+01 -6.248495588951330504e+00 -5.348458998610523984e+00
2.419877105920090088e+01 1.142361757919585774e-01 -1.991264354136551562e-01
2.097594976301514080e+01 1.240699120445276016e+01 -7.750342254989257551e-01
1.671806844753270482e+01 2.574868640091952798e+01 -3.209381800705108923e+00
1.299037835978561439e+01 3.194405379587488625e+01 -3.184720262026688342e+00
9.913707249559642776e+00 2.603722779800240872e+01 2.024126815665745482e+00
7.377968828766779730e+00 1.153428471495692520e+01 1.285755885088663852e+01
4.859048758201621965e+00 -2.182336991235454438e+00 2.666436480973788292e+01
1.362639755153773224e+00 -8.112366231775959946e+00 3.749018063505752707e+01
-2.881686369861396813e+00 -6.733863118868096187e+00 3.920592964192530161e+01
-5.290366578795300256e+00 -3.017175597445125312e+00 3.107819053970649037e+01
-3.142171490725286898e+00 -5.933660039008994275e-02 1.959334245794328311e+01
2.897548616040428904e+00 2.850957743168095693e+00 1.280031276364821835e+01
8.706576559891894718e+00 6.806074670081984301e+00 1.269654862744452473e+01
1.066680143046756690e+01 1.063087830535167555e+01 1.460235424550232253e+01
8.844173568147464692e+00 1.283863287807421472e+01 1.395959832567743852e+01
5.732104114901066971e+00 1.430523639442391115e+01 1.158150999764308509e+01
2.848406679002935427e+00 1.648766004669277052e+01 1.106820773185518014e+01
-2.086573825945349236e-01 1.738758009288520867e+01 1.283056443703313043e+01
-3.704050669308390553e+00 1.228246826438533112e+01 1.291787293792833680e+01
-6.327630481666165707e+00 1.968176659513058979e-01 7.538581537398710175e+00
-6.559819140597755727e+00 -1.205891268131731664e+01 -2.804403834464861855e+00
-4.709845461528944455e+00 -1.508489682495087614e+01 -1.352631308073280003e+01
-2.664602014587138967e+00 -6.649241110008420108e+00 -1.877905745820790173e+01
-1.802474254487368199e+00 5.302832462575098660e+00 -1.434816846959314773e+01
-1.929829236791864355e+00 1.031651789693731480e+01 -3.890172949259971258e-01
-2.263860213194794024e+00 5.452960251650071477e+00 1.709253413777783948e+01
-2.555764724450196201e+00 -2.782667852741709247e+00 2.904860905945543692e+01
-2.760793823713882489e+00 -5.590404650629221983e+00 3.009386065477064420e+01
-2.313580343166727449e+00 -7.573152317000182709e-02 2.266790658547483517e+01
-6.888051636210170692e-01 8.892530690842033181e+00 1.352843478189545579e+01
1.422031216045935409e+00 1.345531079957124199e+01 6.602877457137143580e+00
2.423969923718666042e+00 9.199535868559188145e+00 8.046569589241651110e-01
1.705865556905127534e+00 -1.718979371595705352e+00 -5.655778945138663971e+00
6.301213055044331268e-01 -1.250647209417785355e+01 -1.158306391962136672e+01
1.075718626378178611e+00 -1.676790389885315946e+01 -1.461582156931410914e+01
3.257714136914434899e+00 -1.267358843411155611e+01 -1.457067814363731983e+01
5.493928822019921832e+00 -3.432885586373848774e+00 -1.278501260878512191e+01
5.975496782249320127e+00 5.387574003894642694e+00 -9.274719793608459995e+00
4.276477399294102533e+00 9.129616352263269619e+00 -3.145243671051468848e+00
1.279152445216147571e+00 6.259015441523541057e+00 4.237884906185152012e+00
-1.640065072638277055e+00 -7.690071000412345148e-01 9.082840312405448202e+00
-3.171890400205810145e+00 -6.688900984088769874e+00 9.303018107378360213e+00
-2.641055614256602624e+00 -7.178968131886011683e+00 7.086020687196532997e+00
-7.387466116526993920e-01 -2.847650678445083017e+00 5.827339900371789838e+00
6.488243357288309143e-01 9.163890292922736158e-01 5.556865834597942921e+00
1.555518403175728537e-01 -8.598767717470583438e-01 3.196243191157957853e+00
-1.419221747693266256e+00 -7.562679281308087198e+00 -2.787146335571428324e+00
-1.782575616986836309e+00 -1.343529907358168529e+01 -9.517497192327072142e+00
2.530289309001403364e-01 -1.298014934951953414e+01 -1.218820695874113902e+01
3.244309959243559582e+00 -5.553204156910655165e+00 -8.959515685248195638e+00
4.538797144200181322e+00 4.699530223337293755e+00 -3.059936342755216643e+00
3.007976685009624784e+00 1.225150935727953616e+01 -5.874757431097569343e-02
6.904975341884909967e-02 1.370891883525772492e+01 -2.838103023213131237e+00
-1.865804469921525710e+00 9.592155174552923214e+00 -8.911253458472682354e+00
-1.672472444281275505e+00 3.693708402117192424e+00 -1.271943909350923363e+01
-3.412714485759699157e-01 5.408149524653244056e-02 -1.065559164142937298e+01
