3.955102790954610100e+03 1.546790870948272527e+02 2.512132028530263881e+02
1.211678811740820493e+03 4.923133619389256665e+01 -1.748773833321621964e+02
4.776399548470665195e+02 -2.552398529844444042e+01 7.997756517046914837e+01
2.609507837576129532e+02 -1.576504648263778030e+01 4.814064234175089751e+01
1.313633605169670773e+02 -3.276080913311420062e+01 2.451191392178090922e+01
9.282472304466253377e+01 2.740342404806304089e+01 -2.614025481737025558e+01
5.453498279697253537e+01 -1.318941084259500940e+01 -4.526354583792117836e+01
4.354543518070557440e+01 1.591366517440691908e+01 -6.978036059055667817e-01
2.699072835320323804e+01 2.747204564106555935e+01 1.155710545375337972e+01
2.618726848438900845e+01 7.941720695964655796e+00 -1.211497340499538033e+01
1.217116942365065313e+01 -4.455431990937139375e+00 -2.832345543062825399e+01
2.135667962486769511e+01 1.075812060888109878e+00 -2.141527613332707691e+00
1.355685806176725627e+01 2.825101875994828404e+01 4.591215884827959393e-01
3.151182959997233635e+00 -3.230779107125302807e-01 2.602385012353552440e+01
-4.669702267946331808e+00 -6.728111615340783835e-01 3.016280100099947603e+01
9.324819644742689206e+00 6.663376819491636738e+00 1.204243712393218502e+01
6.114658747173736586e+00 1.438296237645304032e+01 1.065543226481621453e+01
-2.675530655591394247e+00 1.136304450515777731e+01 1.327203765547872294e+01
-3.829815270579973063e+00 -1.353050667786650152e+01 -1.153329857216301413e+01
-2.569685291505686919e+00 7.411036418304288276e+00 -8.072405534338275013e-01
