1.986082644203765085e+03 4.705253835957303465e+01 -2.245377414465974084e+02
1.235458507788162478e+03 2.526431099041966277e+01 -3.545020979183628356e+02
8.808724989753734462e+02 6.618302124979268797e+01 -3.427797487998803661e+01
6.616798108305656569e+02 1.055369021939195306e+02 1.338202744063387115e+02
4.614272745204195871e+02 -2.521659761685571155e+00 1.050304830056123535e+02
3.825562386347368715e+02 -1.201420754132670510e+02 2.895466650703755818e+01
3.191030372641537838e+02 -1.279266268621666995e+02 3.757158224022759185e+01
2.614696161407291015e+02 -8.797091990468141276e+00 8.756649178775656139e+01
2.208223501701706937e+02 5.498909525327139391e+01 2.248384651935485223e+01
1.850489107914965814e+02 3.924579371729125299e+00 4.181137866966679439e+01
1.223770830466791466e+02 -4.462936637209182322e+01 1.087544171824148123e+02
9.925085867058479039e+01 -4.973915988860319004e+01 -6.137411085684556866e+01
1.124190878446042205e+02 2.901187275012268785e+01 -7.115836067102925711e+01
8.464388198543478836e+01 5.769246128772138604e+01 5.604505496478310533e+01
8.472481701168352686e+01 -7.857341736440044411e-01 -6.388493998156327081e+01
1.028887902274533275e+02 -8.412519211231185068e+00 -1.154264202610935826e+02
5.547928320714375161e+01 -9.025606178413013436e-02 -3.253595861506428122e+01
1.429959270513133518e+01 -2.893246335261708779e+01 3.630003577630572797e-01
2.525717040186570017e+01 -2.290629415460479734e+01 2.739046473720568997e+01
5.176650098728705984e+01 1.928142250391788792e+01 -1.705741151665331046e+01
5.131731805940039948e+01 4.532082180827457307e+01 -9.212091757364483158e+00
2.730088359250781949e+01 4.297311464712331031e+01 1.265698338322823346e+01
2.681640680270340482e+01 3.508241837386095341e+01 -1.733621101825695732e+01
2.688703846560287403e+01 7.175279559395253415e+00 3.737104661672247374e+01
2.779739467847663192e+01 6.355247040547890691e+00 2.041881370371463333e+01
3.179803865154092080e+01 2.049153924450595454e+01 -3.594285286414368130e+01
1.955119499340980127e+01 -2.393097620578439777e+00 -1.814738817403576832e+01
6.155264106676417768e+00 -2.932838474281467711e+00 -2.245812711840660114e+01
6.289015128081856254e+00 2.289209967499548082e-01 -3.617721617379142174e+01
2.299526258112984678e+01 -1.019695555395440500e+01 -2.611122835169899048e+01
2.826728580460277485e+01 1.663877895908081328e+00 4.776507135284583150e+00
1.860084594656862578e+01 -2.570644163739452814e+00 6.834825214991719911e+00
1.780551110372710255e+01 3.996064763249315810e+00 -1.677987706691659398e+01
2.206084754510013823e+01 3.459592126219843777e+01 1.700847293537570915e+00
1.172719823746930246e+01 3.242061975233004745e+01 3.552676037134337772e+00
7.649267035013505023e+00 1.859235771693250072e+01 -3.591899617736169947e+00
1.383245691980419068e+01 1.745548449112851586e+01 1.509613287617846211e+01
-2.643224366597135333e+00 1.679467916986357556e+00 2.495699303609918829e+01
-1.006884689184066151e+00 -1.833662798008336381e+01 3.693980338463391178e+01
9.707124391395135277e+00 -6.569192213842525163e+00 3.861890573151384132e+01
-1.080342908743910790e+01 9.094749729823622175e+00 3.681242162656798200e+01
-1.192215293103103413e+01 -4.628033874674949644e+00 1.609554377313431672e+01
1.054190560334851945e+01 -6.730336911301992409e+00 1.025349440747194230e+01
1.209784841350254503e+01 1.448220420125839780e+01 1.469433447337070398e+01
5.550550506836334108e+00 1.145989568076577747e+01 1.114248719462478299e+01
8.058466565781039037e+00 1.007485314619930428e+01 2.262095025082338040e+01
8.949463638667698007e+00 1.811022354005516277e+01 9.938869035438207433e+00
1.598108704109493239e+00 1.477550697465935770e+01 3.073590934087463977e-01
-2.538548158815511879e+00 1.099184641207621027e+01 1.935818226522975039e+01
2.137236767298604789e-01 1.701551538946959496e+01 1.868448736037571933e+01
-5.584722455189390367e+00 6.263855510044360919e+00 2.420396842204612931e+00
-1.265438208586225421e+01 -1.587668980015443765e+01 -4.357421350468421828e+00
-2.212106951968084267e+00 -2.143856504092467929e+01 -1.395820378031231179e+01
2.820126389651590237e+00 -3.716872796735766649e+00 -1.587032469666647039e+01
-8.148507513649558831e+00 1.296144251955020188e+01 -1.076212494628667393e+01
-1.108238441546941511e+00 7.245984005510972548e-01 -6.191887008165537942e+00
1.227665368592651740e+00 8.691067694669110111e+00 1.369484388810827546e+01
-7.564741405625523996e+00 3.764760488470360489e+00 3.339805659874683386e+01
9.671264998498434462e-01 -1.771009859168555423e+01 3.789255677808797884e+01
-1.057231732039517924e+00 5.401361077036577640e+00 1.554433975652995059e+01
-5.535041067823564198e+00 1.396615268889353167e+01 4.171620094849695093e+00
3.769816840247086187e+00 7.598372669928486367e+00 1.924753505154532718e+01
3.394894884222903642e+00 9.588127926759206332e+00 2.530974328620780422e+00
1.119066330116059049e+00 -1.708710537189216838e+00 -1.566833476156629423e+01
1.083012239767285667e+00 -8.180403111828958629e+00 -6.905968942897453111e+00
-2.862111929391620291e-01 -2.034343852672957453e+01 -1.027447235417876570e+01
2.646596312070628176e+00 -1.754329104393984551e+01 -2.371456268719349225e+01
8.071915085281663238e+00 5.983301869592150268e+00 -1.010645952079605259e+01
6.297164710102551410e+00 3.596053370716581377e+00 1.729313948855121019e+00
9.473518725919418682e-01 2.534444754372279451e+00 -1.373575387249807633e+01
1.734409386162272249e+00 9.495906641763424361e+00 -1.230462161361419060e+00
1.745208814445872392e+00 2.131669173705099229e+00 1.699461713106935079e+01
-4.714640004137350182e+00 -7.199384276031455698e+00 1.606970483972619590e+01
-4.642432588701999485e+00 -8.966559135445914208e+00 1.202325216412338138e+00
7.436640881037860362e-01 -5.185515337630044463e+00 -5.625052130225776992e+00
1.043178541506712742e+00 2.436410207411587869e+00 1.611089373318902318e+01
-6.286167316028005159e-01 4.252419057201262120e+00 1.124677926585956200e+01
-2.739675302303391513e-01 -1.032115974079551890e+01 -1.349727665402321186e+01
-2.092545756459495365e+00 -1.936891030350290066e+01 -1.478912371404597970e+01
-1.827164521455135304e+00 -8.812390153123574876e+00 -3.119623880486440681e-01
5.081514193971463200e+00 4.622753528260283018e-02 -9.290412413381455181e+00
5.215543682272546278e+00 -2.176567557839161893e+00 -1.246287262944102281e+01
1.827781009276509439e+00 1.055423807649968104e+01 3.461385113117862566e+00
6.930630667620053531e-01 2.034787118878301015e+01 1.876444461498904648e+00
-2.823900037075390834e+00 6.838271734251245348e+00 -9.561864653118554713e+00
-1.369092743524346512e+00 2.233196060701598817e+00 -1.725056601076157747e+01
1.293153656935817297e+00 1.470424570650141982e+00 -1.148895202955200823e+01
