1.184828229440622636e+03 9.057341050404119187e+01 -4.575550159858433119e+01
4.902018600989058541e+02 -4.120261977363602313e+01 5.929931622364946264e+01
2.576306299969519387e+02 -2.363201556261635616e+01 5.549955862313743182e+01
1.336791666244843668e+02 -1.508174913684102059e+01 2.484147487467514637e+01
9.711002524032124938e+01 2.159579006980431259e+01 -4.099800012441875197e+01
5.256432363566099042e+01 -1.712831418743164491e+01 -3.662940746947184323e+01
3.848234305649780396e+01 1.710976673407546755e+01 1.829780981374125037e+00
3.022214541042314551e+01 2.990629430316120363e+01 7.474933490830528271e+00
2.429844803188955638e+01 6.111045213349185268e+00 -9.288430166755311745e+00
1.319422328739923600e+01 -3.018401801262603712e+00 -2.630717193653751096e+01
2.278960083903605494e+01 2.451729288247496807e+00 -2.019753919842242951e+00
1.308653428355734682e+01 2.791415636596378391e+01 -1.363258739859372071e+00
4.434181291440417283e+00 9.046655844595756502e-02 2.607578697734814455e+01
-3.775131317206073422e+00 -3.167918978688417209e+00 2.965850351385495642e+01
7.534791822721505383e+00 6.874132468315459654e+00 1.339233711529748305e+01
5.727512380114995416e+00 1.459301079155597947e+01 1.216426062261426111e+01
-3.491091204827836414e+00 9.737103223700284360e+00 1.102827392922096550e+01
-4.597970927808043839e+00 -1.119896628191238541e+01 -1.189490418534017913e+01
-2.003985232091956004e+00 7.025495426142401634e+00 1.143449503304383885e+00
-2.540736158649323340e+00 -2.786686135600936698e+00 2.720071691820365700e+01
1.084536467470599730e+00 1.051872697488057895e+01 6.847199812899548377e+00
1.131049694869133093e+00 -1.047957013323550690e+01 -1.070663200179298258e+01
4.934704357859899915e+00 -3.402210568860238649e+00 -1.216002718132727267e+01
1.251532353517694984e+00 4.783352360819686844e+00 3.502671624756249269e+00
-2.162670816607403790e+00 -5.538278537088477727e+00 7.375192618005223189e+00
-2.223074929493848162e-01 -2.573237022014755127e+00 1.918628462690133318e+00
6.122199569561548316e-01 -1.059241873638916509e+01 -1.021713661759544323e+01
2.503738027039532632e+00 1.029014106745978729e+01 -1.983953948111794929e+00
-1.281683350430801172e+00 4.374837229871181066e+00 -1.077515398441227923e+01
