5.821959941289941780e+05 5.837593793220794858e+00 -2.033633630640575785e+00
6.580719013586116489e+05 2.506451248375039853e+01 -3.601765030090604824e+01
6.145321019105662126e+05 5.936380398574821982e+01 -2.065111507842965182e+02
5.687410447732731700e+05 1.035001686881530389e+02 -6.882622261277580265e+02
5.091776499687425094e+05 1.501156366082189493e+02 -1.674088956292300281e+03
4.429656574608839001e+05 1.912861021501504979e+02 -3.310508253961051196e+03
3.734555824951846153e+05 2.197575387660952515e+02 -5.638383983916381112e+03
3.045007180919026723e+05 2.300224883676378909e+02 -8.553317491813462766e+03
2.394066960062235303e+05 2.190851686793380679e+02 -1.179630982802577273e+04
1.807832527109196817e+05 1.868103088007786994e+02 -1.497867231228156743e+04
1.304274431326040067e+05 1.358246345375576425e+02 -1.763765195996726106e+04
8.924172968034044607e+04 7.101671470608575021e+01 -1.931264039802006664e+04
5.731880104615413438e+04 -1.255915602586464841e+00 -1.962711037785597364e+04
3.406045689160865004e+04 -7.410450709250935120e+01 -1.836025556298392985e+04
1.836085855494313728e+04 -1.410349548528179469e+02 -1.549403651300219281e+04
8.810759165084402412e+03 -1.967227372560941205e+02 -1.122653843598859021e+04
3.889545165790450028e+03 -2.375395859375829843e+02 -5.948724117263851440e+03
2.136593135800651453e+03 -2.617858489283457288e+02 -1.891474672223465916e+02
2.275679218305556333e+03 -2.696358443990230853e+02 5.463375513319897436e+03
3.292184400380598618e+03 -2.628489905484878477e+02 1.044504517441031749e+04
