8.981712e+20	
6.535622e+20	
3.603204e+20	
1.758568e+20	
1.145915e+20	
9.986835e+19	
8.141541e+19	
6.078044e+19	
4.836185e+19	
4.170794e+19	
3.602116e+19	
3.097795e+19	
2.697631e+19	
2.353773e+19	
2.062737e+19	
1.838277e+19	
1.653276e+19	
1.486153e+19	
1.340613e+19	
1.218418e+19	
1.115044e+19	
1.024324e+19	
9.387679e+18	
8.598295e+18	
7.973096e+18	
7.508101e+18	
7.068166e+18	
6.567118e+18	
6.058961e+18	
5.643569e+18	
5.347302e+18	
5.112489e+18	
4.880612e+18	
4.647052e+18	
4.427332e+18	
4.217728e+18	
4.010622e+18	
3.813436e+18	
3.638109e+18	
3.490399e+18	
3.369218e+18	
3.265770e+18	
3.167251e+18	
3.065905e+18	
2.963156e+18	
2.865256e+18	
2.775482e+18	
2.691873e+18	
2.612074e+18	
2.532735e+18	
2.443645e+18	
2.336695e+18	
2.224354e+18	
2.133228e+18	
2.072758e+18	
2.023310e+18	
1.961179e+18	
1.883875e+18	
1.804631e+18	
1.733771e+18	
1.674968e+18	
1.629507e+18	
1.591674e+18	
1.547628e+18	
1.491412e+18	
1.435299e+18	
1.393048e+18	
1.361221e+18	
1.328732e+18	
1.295459e+18	
1.267550e+18	
1.242219e+18	
1.212053e+18	
1.179411e+18	
1.152757e+18	
1.131640e+18	
1.107347e+18	
1.076969e+18	
1.046531e+18	
1.020080e+18	
9.941863e+17	
9.652816e+17	
9.362970e+17	
9.122353e+17	
8.925202e+17	
8.719087e+17	
8.479252e+17	
8.242799e+17	
8.068669e+17	
7.974732e+17	
7.915617e+17	
7.832858e+17	
7.723230e+17	
7.619526e+17	
7.511154e+17	
7.356294e+17	
7.170183e+17	
7.007067e+17	
6.859699e+17	
6.687741e+17	
6.532802e+17	
6.473139e+17	
6.468751e+17	
6.387293e+17	
6.193077e+17	
5.989983e+17	
5.863303e+17	
5.786654e+17	
5.710202e+17	
5.648887e+17	
5.636494e+17	
5.649229e+17	
5.627798e+17	
5.553403e+17	
5.460947e+17	
5.383997e+17	
5.320826e+17	
5.257920e+17	
5.197412e+17	
5.145938e+17	
5.093507e+17	
5.022698e+17	
4.931769e+17	
4.829414e+17	
4.713201e+17	
4.581861e+17	
4.464155e+17	
4.391082e+17	
4.335690e+17	
4.237729e+17	
4.103574e+17	
4.018110e+17	
4.028655e+17	
4.074408e+17	
4.063944e+17	
3.975872e+17	
3.854592e+17	
3.746901e+17	
3.669246e+17	
3.609744e+17	
3.543629e+17	
3.460952e+17	
3.381332e+17	
3.329731e+17	
3.305931e+17	
3.287633e+17	
3.249560e+17	
3.177334e+17	
3.087128e+17	
3.029668e+17	
3.041738e+17	
3.097528e+17	
3.142867e+17	
3.165978e+17	
3.193240e+17	
3.228138e+17	
3.239031e+17	
3.201762e+17	
3.121142e+17	
3.016411e+17	
2.909050e+17	
2.818909e+17	
2.756226e+17	
2.717497e+17	
2.690296e+17	
2.657342e+17	
2.599334e+17	
2.505074e+17	
2.385666e+17	
2.274523e+17	
2.200525e+17	
2.157928e+17	
2.117322e+17	
2.067949e+17	
2.025450e+17	
1.995431e+17	
1.962350e+17	
1.921431e+17	
1.887895e+17	
1.867930e+17	
1.852002e+17	
1.840884e+17	
1.849392e+17	
1.879612e+17	
1.910998e+17	
1.922360e+17	
1.915457e+17	
1.913743e+17	
1.935489e+17	
1.968416e+17	
1.978897e+17	
1.945234e+17	
1.871885e+17	
1.779384e+17	
1.697251e+17	
1.654557e+17	
1.654276e+17	
1.667256e+17	
1.671147e+17	
1.678967e+17	
1.708062e+17	
1.741390e+17	
1.746350e+17	
1.717156e+17	
1.676657e+17	
1.650096e+17	
1.651272e+17	
1.674771e+17	
1.690397e+17	
1.669388e+17	
1.623707e+17	
1.590494e+17	
1.576037e+17	
1.553438e+17	
1.515686e+17	
1.483783e+17	
1.459019e+17	
1.418738e+17	
1.369443e+17	
1.355915e+17	
1.400480e+17	
1.467913e+17	
1.505518e+17	
1.494582e+17	
1.452339e+17	
1.401375e+17	
1.350414e+17	
1.300802e+17	
1.260531e+17	
1.241127e+17	
1.240158e+17	
1.239471e+17	
1.227100e+17	
1.210804e+17	
1.204728e+17	
1.211964e+17	
1.222912e+17	
1.223958e+17	
1.211777e+17	
1.204479e+17	
1.224292e+17	
1.261192e+17	
1.276660e+17	
1.255363e+17	
1.225026e+17	
1.211974e+17	
1.209884e+17	
1.207482e+17	
1.212615e+17	
1.231245e+17	
