1.416931e+01	
1.055305e+01	
6.123466e+00	
3.189165e+00	
2.069258e+00	
1.727200e+00	
1.407678e+00	
1.073098e+00	
8.553611e-01	
7.300428e-01	
6.302670e-01	
5.438762e-01	
4.733561e-01	
4.128665e-01	
3.621069e-01	
3.225381e-01	
2.899542e-01	
2.607552e-01	
2.351956e-01	
2.137288e-01	
1.956744e-01	
1.797442e-01	
1.646697e-01	
1.508410e-01	
1.398942e-01	
1.317211e-01	
1.240098e-01	
1.152265e-01	
1.062972e-01	
9.900893e-02	
9.381810e-02	
8.969408e-02	
8.562729e-02	
8.153518e-02	
7.767535e-02	
7.399449e-02	
7.036483e-02	
6.690537e-02	
6.382804e-02	
6.123862e-02	
5.911203e-02	
5.729509e-02	
5.556769e-02	
5.379009e-02	
5.198658e-02	
5.026996e-02	
4.869526e-02	
4.722704e-02	
4.582711e-02	
4.443588e-02	
4.287244e-02	
4.099615e-02	
3.902562e-02	
3.742635e-02	
3.636522e-02	
3.549808e-02	
3.440790e-02	
3.305156e-02	
3.166162e-02	
3.041823e-02	
2.938626e-02	
2.858890e-02	
2.792520e-02	
2.715230e-02	
2.616618e-02	
2.518171e-02	
2.444024e-02	
2.388190e-02	
2.331200e-02	
2.272814e-02	
2.223857e-02	
2.179423e-02	
2.126483e-02	
2.069211e-02	
2.022458e-02	
1.985407e-02	
1.942785e-02	
1.889496e-02	
1.836088e-02	
1.789676e-02	
1.744252e-02	
1.693540e-02	
1.642685e-02	
1.600476e-02	
1.565885e-02	
1.529717e-02	
1.487642e-02	
1.446160e-02	
1.415607e-02	
1.399129e-02	
1.388759e-02	
1.374235e-02	
1.355001e-02	
1.336810e-02	
1.317794e-02	
1.290626e-02	
1.257976e-02	
1.229355e-02	
1.203499e-02	
1.173332e-02	
1.146148e-02	
1.135680e-02	
1.134912e-02	
1.120620e-02	
1.086544e-02	
1.050913e-02	
1.028688e-02	
1.015240e-02	
1.001828e-02	
9.910704e-03	
9.888942e-03	
9.911291e-03	
9.873700e-03	
9.743169e-03	
9.580965e-03	
9.445967e-03	
9.335124e-03	
9.224756e-03	
9.118607e-03	
9.028295e-03	
8.936307e-03	
8.812084e-03	
8.652546e-03	
8.472965e-03	
8.269080e-03	
8.038651e-03	
7.832139e-03	
7.703942e-03	
7.606758e-03	
7.434883e-03	
7.199518e-03	
7.049578e-03	
7.068076e-03	
7.148351e-03	
7.129994e-03	
6.975470e-03	
6.762691e-03	
6.573755e-03	
6.437512e-03	
6.333119e-03	
6.217126e-03	
6.072069e-03	
5.932378e-03	
5.841851e-03	
5.800094e-03	
5.767990e-03	
5.701196e-03	
5.574478e-03	
5.416212e-03	
5.315404e-03	
5.336581e-03	
5.434459e-03	
5.514006e-03	
5.554554e-03	
5.602380e-03	
5.663609e-03	
5.682722e-03	
5.617333e-03	
5.475890e-03	
5.292147e-03	
5.103784e-03	
4.945637e-03	
4.835664e-03	
4.767715e-03	
4.719991e-03	
4.662177e-03	
4.560404e-03	
4.395029e-03	
4.185533e-03	
3.990538e-03	
3.860712e-03	
3.785979e-03	
3.714738e-03	
3.628113e-03	
3.553553e-03	
3.500886e-03	
3.442847e-03	
3.371057e-03	
3.312220e-03	
3.277190e-03	
3.249247e-03	
3.229741e-03	
3.244667e-03	
3.297688e-03	
3.352753e-03	
3.372686e-03	
3.360574e-03	
3.357569e-03	
3.395720e-03	
3.453490e-03	
3.471879e-03	
3.412818e-03	
3.284130e-03	
3.121843e-03	
2.977744e-03	
2.902839e-03	
2.902347e-03	
2.925120e-03	
2.931945e-03	
2.945665e-03	
2.996710e-03	
3.055184e-03	
3.063886e-03	
3.012666e-03	
2.941612e-03	
2.895012e-03	
2.897075e-03	
2.938303e-03	
2.965719e-03	
2.928860e-03	
2.848714e-03	
2.790443e-03	
2.765080e-03	
2.725430e-03	
2.659197e-03	
2.603225e-03	
2.559777e-03	
2.489106e-03	
2.402621e-03	
2.378886e-03	
2.457074e-03	
2.575381e-03	
2.641358e-03	
2.622171e-03	
2.548058e-03	
2.458644e-03	
2.369235e-03	
2.282193e-03	
2.211541e-03	
2.177497e-03	
2.175796e-03	
2.174590e-03	
2.152886e-03	
2.124296e-03	
2.113637e-03	
2.126331e-03	
2.145539e-03	
2.147374e-03	
2.126003e-03	
2.113200e-03	
2.147960e-03	
2.212699e-03	
2.239838e-03	
2.202473e-03	
2.149249e-03	
2.126349e-03	
2.122682e-03	
2.118468e-03	
2.127474e-03	
2.160158e-03	
